#OTU ID	S1	S11	S13	S17	S19	S2	S23	S25	S29	S31	S35	S37	S39	S41	S45	S47	S5	S51	S55	S57	S7
Otu6	953	942	1206	459	257	860	541	568	696	287	465	813	198	236	133	87	243	983	305	486	246
Otu4	2000	675	1271	1192	2686	1874	264	373	1382	1423	643	1683	605	759	2103	2187	1197	1182	471	2506	979
Otu49	1167	233	211	245	309	395	522	781	532	473	293	441	89	92	199	212	210	870	153	344	160
Otu3	3508	1612	1222	1128	1689	1094	1137	1291	2062	1650	807	1637	973	1112	1670	1942	587	1449	890	1798	516
Otu8	1754	2340	2169	3989	1915	1089	1839	3914	1942	1675	1982	2500	654	1004	3574	2216	1272	1744	985	1432	661
Otu19	179	384	453	360	338	201	489	677	306	121	159	468	61	72	170	99	321	359	215	270	242
Otu36	90	0	2	1	0	216	0	0	23	8	2	30	15	8	20	20	0	182	17	29	0
Otu1	263	2281	3113	1962	2609	455	749	920	3005	1515	37	450	1671	2623	185	152	1597	394	1877	4480	1206
Otu25	118	197	214	299	49	163	19	55	18	22	1	5	17	6	8	5	168	27	365	42	40
Otu889	984	998	647	344	528	276	480	672	585	519	381	492	252	174	327	351	382	335	204	312	252
Otu16	514	198	196	165	617	231	238	396	351	433	178	284	184	196	502	524	277	299	118	568	209
Otu2	1690	771	428	1064	272	2709	68	151	547	1099	1191	898	185	98	1468	963	655	393	217	175	291
Otu213	20	1	5	9	5	27	7	7	4	4	3	36	2	1	16	7	5	9	2	4	1
Otu114	5	8	37	16	20	5	18	28	17	5	4	18	6	7	8	8	8	14	13	28	7
Otu15	411	178	160	328	736	130	166	237	276	194	209	463	223	244	354	207	195	268	169	498	148
Otu17	200	161	302	443	327	155	137	310	225	294	163	366	112	210	1022	699	172	223	211	337	69
Otu9	204	129	570	324	330	287	213	290	337	530	31	851	378	737	266	201	350	185	419	802	262
Otu18	73	40	64	327	369	49	79	167	60	63	375	108	121	135	335	185	77	62	139	241	58
Otu20	156	359	197	96	115	39	279	466	236	101	55	217	36	78	49	81	48	128	109	143	94
Otu130	9	1	0	2	3	5	0	0	8	1	4	52	0	1	13	13	2	1	2	10	2
Otu5	965	250	192	201	1252	391	162	207	212	208	359	831	1595	1663	575	1235	361	677	222	1033	414
Otu7	388	35	39	148	369	535	42	51	579	826	40	906	139	209	606	577	137	278	88	336	136
Otu239	11	0	0	0	0	18	0	0	0	0	0	5	0	1	2	4	0	1	0	3	0
Otu358	5	4	1	2	0	4	0	3	2	4	0	2	2	1	2	2	2	0	1	7	1
Otu11	486	552	753	1424	1187	505	822	1113	1102	524	299	1154	338	318	950	615	465	712	875	800	396
Otu99	215	130	94	9	6	33	49	133	54	86	43	53	13	5	18	19	20	70	19	28	20
Otu27	196	148	202	145	119	185	50	41	123	95	139	363	41	45	117	74	74	105	79	179	52
Otu22	194	178	73	195	88	297	19	85	100	354	71	208	48	58	177	98	235	73	142	222	108
Otu12	273	168	269	183	139	214	212	192	270	226	70	233	92	79	400	156	203	166	91	210	146
Otu229	279	210	450	80	43	215	182	201	122	73	141	294	20	15	9	10	93	192	22	39	88
Otu56	30	29	41	110	57	22	23	37	54	47	4	13	34	60	60	36	32	16	6	7	21
Otu13	271	286	200	84	99	74	196	423	190	219	81	182	41	28	67	100	56	97	132	199	46
Otu38	115	316	580	429	279	100	169	280	148	120	54	137	128	162	355	128	92	114	88	127	65
Otu67	168	138	101	134	176	60	115	156	134	104	35	88	60	68	102	98	107	66	35	172	105
Otu31	56	128	253	194	94	43	83	251	114	125	48	124	134	72	151	86	81	102	127	111	37
Otu854	5	9	10	51	15	7	9	11	4	13	8	11	3	3	14	3	7	7	3	1	2
Otu94	9	15	16	31	13	8	1	20	4	13	17	13	14	4	33	21	12	17	12	5	5
Otu14	93	188	335	321	219	73	149	282	248	88	267	118	193	65	138	65	191	54	205	217	107
Otu39	20	9	22	15	21	26	13	19	53	36	4	28	27	22	33	14	1	23	24	134	2
Otu10	469	15	48	38	62	454	4	8	122	207	19	250	131	65	1468	727	17	315	94	79	28
Otu369	2	0	1	1	1	6	0	1	1	1	1	2	0	1	2	3	1	0	0	0	0
Otu192	5	2	5	6	8	4	2	7	7	3	4	40	3	3	3	0	8	10	3	15	11
Otu115	12	2	2	16	5	6	3	4	4	11	2	5	6	3	2	5	9	5	1	5	3
Otu42	33	10	20	106	207	24	20	45	56	26	15	76	35	39	56	31	42	32	101	148	30
Otu30	82	0	12	14	17	102	3	0	63	60	195	17	26	58	248	194	3	84	11	9	4
Otu104	10	5	4	12	14	10	2	6	0	9	9	6	1	0	4	8	10	5	0	2	1
Otu944	36	38	30	43	11	45	5	43	27	56	24	95	3	1	17	8	74	16	21	33	47
Otu261	4	5	0	0	0	14	0	0	19	0	0	0	5	0	1	0	1	0	2	0	1
Otu35	75	23	53	40	75	85	18	25	107	72	45	134	48	48	51	55	47	50	52	171	28
Otu46	25	32	49	36	44	25	35	78	30	17	22	106	10	20	39	26	42	48	52	45	26
Otu47	8	30	20	119	11	1	40	89	27	27	10	24	1	1	3	1	30	3	10	5	12
Otu269	13	0	0	0	0	14	0	0	0	0	0	0	2	1	0	0	3	0	0	0	2
Otu23	116	17	33	367	143	100	35	58	44	26	39	35	117	21	101	42	50	5	91	70	33
Otu24	167	364	677	787	681	138	258	485	237	214	77	589	235	316	811	401	193	153	205	344	106
Otu456	7	0	0	0	0	0	0	0	0	0	0	0	0	0	0	0	0	0	0	0	0
Otu110	27	22	8	2	9	43	2	7	14	4	4	9	11	7	3	2	9	5	3	17	2
Otu28	169	2	5	1	4	108	1	3	30	71	4	129	25	17	107	31	4	164	4	15	4
Otu29	104	57	57	48	36	31	96	100	55	102	18	17	6	14	60	108	13	31	21	19	8
Otu771	1	0	0	0	0	0	0	0	1	0	0	0	0	0	2	0	0	0	0	0	0
Otu248	7	0	0	0	0	15	0	0	0	8	1	0	1	0	1	2	1	1	0	0	2
Otu237	1	4	2	1	2	1	0	2	8	7	2	2	0	3	2	5	4	1	0	5	6
Otu152	5	4	2	5	7	10	4	1	6	9	0	9	7	3	3	10	3	0	2	1	2
Otu853	3	0	0	1	0	0	0	0	0	0	0	0	0	0	0	0	0	0	1	0	0
Otu33	77	49	31	75	75	91	9	33	48	81	37	212	21	27	181	134	68	67	56	58	68
Otu557	1	8	6	5	7	0	3	15	2	0	0	2	3	5	1	0	5	5	4	7	3
Otu225	1	24	58	21	6	1	22	14	2	4	0	2	4	1	2	3	8	0	10	4	11
Otu845	2	1	11	16	5	0	5	12	3	3	0	8	3	2	4	8	3	1	5	3	3
Otu466	1	0	2	0	2	1	1	2	1	2	0	1	0	1	3	5	1	1	0	2	0
Otu290	4	0	0	1	0	2	0	0	0	2	1	6	0	0	2	1	19	1	3	1	1
Otu77	34	1	4	0	0	31	1	5	0	1	5	71	4	2	22	18	0	20	14	45	3
Otu199	1	1	1	0	2	4	1	3	4	2	1	4	1	1	1	3	6	2	7	5	2
Otu103	6	10	15	64	48	6	20	65	17	14	2	18	12	12	17	8	8	25	35	33	1
Otu334	6	1	2	1	2	0	3	1	4	1	0	9	4	3	2	2	2	0	2	3	0
Otu34	45	52	165	180	183	98	52	103	103	70	49	510	63	117	172	104	133	126	199	310	94
Otu918	2	4	1	3	5	1	1	1	4	2	0	2	1	2	0	0	3	2	1	2	0
Otu61	23	18	32	61	43	32	43	65	71	35	7	59	26	35	37	31	34	24	28	51	23
Otu125	7	9	10	28	6	11	8	4	6	1	9	4	11	2	18	8	9	4	4	6	8
Otu158	14	10	7	0	0	3	0	4	7	19	9	15	0	0	3	7	1	15	2	0	1
Otu75	4	6	2	7	20	6	5	6	14	5	3	19	5	15	20	13	17	7	10	58	8
Otu843	4	0	0	0	0	0	0	0	0	0	0	0	1	0	0	0	0	0	0	0	0
Otu441	2	0	4	0	0	1	0	0	1	1	0	1	0	1	1	1	3	1	0	0	0
Otu147	8	6	0	8	0	19	0	0	7	0	0	0	1	0	3	0	0	0	1	0	0
Otu667	7	28	77	24	22	4	14	49	37	28	4	18	17	13	11	4	9	6	40	48	7
Otu161	1	1	1	3	3	5	6	12	3	2	1	18	1	3	3	0	3	8	2	5	3
Otu193	3	5	4	6	8	2	1	3	4	1	0	9	1	1	2	6	4	2	1	3	0
Otu88	18	1	0	2	1	17	0	0	11	5	1	17	0	3	44	34	4	13	3	9	7
Otu340	3	0	1	1	1	0	0	1	4	1	0	2	0	1	4	6	3	2	0	4	0
Otu281	31	56	46	15	17	9	35	66	20	32	10	12	7	12	13	20	33	14	9	28	14
Otu436	2	2	2	0	3	2	0	4	1	0	2	3	0	0	1	1	1	2	2	1	1
Otu160	10	9	4	1	3	9	2	7	5	3	1	14	4	1	25	20	6	4	1	1	1
Otu48	48	31	10	11	5	97	8	3	93	4	1	4	3	1	19	2	11	2	16	4	9
Otu134	6	2	2	16	0	10	4	2	15	0	1	4	2	1	1	0	1	3	6	8	4
Otu69	7	22	8	4	15	13	32	66	16	15	3	8	5	2	8	7	36	6	9	22	33
Otu83	20	5	8	12	9	22	11	9	15	11	0	13	6	2	5	3	6	10	3	13	6
Otu215	6	12	3	7	9	4	2	5	23	4	2	2	14	2	7	1	10	2	0	2	4
Otu231	6	8	11	4	3	6	4	7	2	2	9	11	1	2	5	8	13	9	7	8	5
Otu238	6	3	2	4	8	1	0	12	1	3	1	2	3	3	4	3	1	2	3	1	1
Otu483	23	42	32	76	20	11	22	72	61	43	21	34	31	29	102	47	22	9	27	36	9
Otu37	24	14	40	36	32	21	8	28	15	9	20	176	7	15	14	6	46	43	53	78	27
Otu553	4	2	1	0	0	1	0	0	1	1	0	0	0	0	0	0	7	1	0	2	0
Otu54	19	11	13	17	48	11	19	24	31	20	12	26	12	11	25	43	9	8	8	7	6
Otu325	5	3	0	1	0	5	0	0	1	1	1	1	4	0	3	1	0	1	0	0	1
Otu307	9	4	2	1	2	14	0	0	4	1	0	1	1	0	0	0	2	0	0	2	0
Otu65	16	18	70	35	16	12	31	30	9	7	3	7	4	4	30	13	24	12	9	8	12
Otu53	18	14	27	111	117	18	25	52	41	25	10	71	26	33	31	9	35	28	63	66	29
Otu57	5	30	70	47	44	14	53	89	26	18	8	32	15	11	10	7	37	9	21	30	27
Otu82	30	9	6	13	3	21	0	3	10	8	0	3	6	3	135	4	8	1	3	6	4
Otu81	8	8	10	26	24	13	36	26	27	22	11	100	10	8	17	13	9	16	15	26	13
Otu162	8	3	3	2	2	2	1	5	1	3	1	3	2	3	13	7	4	2	1	8	5
Otu226	8	0	1	0	0	6	0	0	1	0	0	2	0	0	1	0	0	6	0	1	0
Otu70	8	4	15	6	8	19	9	11	20	4	4	55	1	4	13	21	17	9	17	39	18
Otu252	7	2	4	7	1	0	2	3	0	3	1	4	0	0	7	5	0	2	1	5	0
Otu66	17	20	9	11	19	30	3	2	8	8	2	10	4	4	3	6	14	8	2	22	8
Otu128	10	5	3	20	11	21	3	4	3	2	0	0	10	1	5	3	7	1	0	12	5
Otu222	1	2	5	2	5	0	0	4	3	2	0	4	0	1	1	0	1	4	3	1	3
Otu148	1	6	11	4	5	1	3	6	5	2	2	18	4	7	2	5	5	2	7	11	5
Otu44	20	23	30	180	79	20	11	14	24	14	9	36	11	4	29	23	16	6	9	9	11
Otu95	3	13	18	11	13	3	24	77	7	13	1	13	4	6	4	4	21	9	21	10	8
Otu45	27	4	17	10	19	22	4	2	47	37	1	8	12	21	11	22	15	13	7	19	9
Otu21	50	186	256	404	137	71	225	305	89	122	2	119	65	95	24	70	465	38	166	413	423
Otu151	21	11	20	15	26	14	25	41	13	10	14	44	9	15	13	8	19	17	18	40	8
Otu155	1	0	6	2	0	1	2	1	0	7	0	7	3	2	2	3	5	1	2	1	6
Otu194	2	2	1	0	4	0	0	2	2	1	1	5	0	4	3	7	4	6	1	7	0
Otu293	5	0	0	5	0	2	0	0	0	0	1	0	0	0	5	0	0	0	0	0	0
Otu52	26	17	19	206	20	49	6	28	17	17	27	6	15	12	17	8	70	24	100	44	48
Otu399	5	0	0	0	0	2	0	0	0	3	0	1	0	0	1	0	0	3	0	0	0
Otu250	5	2	3	11	2	4	1	4	7	5	0	6	1	0	2	12	6	2	3	5	6
Otu356	11	14	31	196	136	9	36	54	37	25	1	28	14	21	29	10	12	18	83	125	11
Otu142	14	15	16	8	20	9	4	7	26	15	20	15	22	9	68	94	25	8	4	16	17
Otu64	13	41	16	29	15	17	2	25	20	32	30	18	14	22	93	64	40	24	20	26	38
Otu789	3	1	1	0	3	0	0	1	3	0	0	0	0	0	0	0	1	0	0	10	3
Otu100	20	3	0	6	15	22	1	0	9	7	3	23	2	3	0	4	0	14	1	5	6
Otu79	4	13	14	31	33	12	5	13	21	6	3	26	12	19	10	11	25	7	24	36	7
Otu26	20	33	42	511	134	59	166	223	36	15	12	50	14	32	23	15	143	44	197	79	79
Otu87	1	8	9	11	9	2	11	22	4	4	1	4	4	19	2	3	42	1	28	37	25
Otu749	11	32	24	19	2	1	11	21	3	6	1	10	0	1	4	3	4	9	1	9	3
Otu370	49	55	106	153	80	29	32	113	116	113	13	57	91	142	180	68	20	36	20	29	14
Otu668	1	2	2	10	4	0	0	1	1	2	0	1	0	0	0	0	1	3	0	0	1
Otu135	2	0	1	0	0	1	0	0	2	4	0	3	0	5	11	27	0	1	0	2	0
Otu146	16	15	22	10	5	19	0	8	10	20	22	45	1	0	6	4	39	5	3	4	7
Otu165	15	5	0	0	0	21	0	0	4	1	0	0	1	0	0	0	0	1	0	3	1
Otu437	7	6	2	3	1	8	1	2	4	0	0	1	1	0	0	0	1	2	0	1	2
Otu476	1	1	0	0	0	0	0	2	1	0	0	0	2	0	0	1	2	1	2	2	0
Otu173	16	0	1	0	0	57	0	0	0	2	0	0	0	1	1	4	0	0	0	0	0
Otu51	13	70	63	28	29	16	60	138	20	8	6	24	4	5	20	4	60	14	48	34	26
Otu896	1	0	0	7	2	1	0	0	0	0	0	0	1	1	0	0	0	0	0	0	0
Otu124	2	6	7	19	8	1	12	31	6	4	1	11	1	0	3	2	5	12	11	17	5
Otu443	1	1	7	2	1	0	1	2	4	2	0	4	2	0	0	1	4	1	4	5	2
Otu63	18	21	19	1	9	7	3	7	15	14	1	13	2	4	22	26	21	24	14	33	18
Otu178	7	0	2	2	6	16	3	2	11	5	0	5	3	0	1	0	0	7	1	6	2
Otu420	8	3	1	0	2	8	0	2	1	5	0	3	0	3	4	0	6	2	1	4	2
Otu500	2	0	1	3	11	0	1	0	0	1	1	3	1	2	2	1	1	0	3	7	0
Otu364	5	14	26	24	15	4	9	29	10	16	2	20	23	24	32	19	7	6	21	24	7
Otu474	3	1	1	0	2	0	0	0	1	0	1	0	1	1	2	2	1	0	0	0	0
Otu156	7	10	2	0	1	12	1	2	14	0	0	1	2	0	5	3	3	3	1	1	0
Otu849	1	0	0	0	0	2	0	0	0	0	0	0	0	0	0	0	1	0	0	0	0
Otu291	1	2	3	1	0	1	0	1	1	1	0	2	0	1	1	1	6	0	1	1	0
Otu105	8	2	3	13	8	1	4	6	10	0	81	11	2	2	14	4	10	13	5	14	5
Otu175	6	16	26	22	19	24	13	13	23	10	4	13	8	10	7	8	31	1	6	11	14
Otu116	4	5	4	4	5	3	10	22	1	1	0	10	0	1	2	0	4	7	16	10	1
Otu144	14	1	2	1	5	26	0	0	2	4	13	5	0	1	15	3	0	4	0	1	5
Otu398	1	1	1	0	0	1	3	4	1	0	0	1	0	1	1	1	3	0	0	0	0
Otu959	8	3	5	2	3	1	4	5	5	4	2	9	1	3	6	7	7	5	4	13	5
Otu111	3	2	10	5	6	7	2	9	10	6	0	30	1	0	7	1	3	4	6	7	5
Otu68	18	14	5	24	28	6	19	31	15	18	1	8	5	4	6	11	16	8	24	31	16
Otu422	7	0	5	4	1	6	0	0	1	0	1	1	2	2	4	1	2	1	0	0	0
Otu783	1	0	0	0	0	0	0	0	0	0	0	0	0	0	2	4	1	1	0	0	0
Otu50	10	17	43	21	35	17	28	73	44	13	5	65	12	22	38	28	13	28	46	101	23
Otu930	4	0	0	0	0	2	0	0	0	0	0	0	0	0	0	1	0	0	0	0	0
Otu710	1	0	1	0	0	0	0	0	0	1	0	0	0	0	1	0	0	0	0	0	0
Otu969	1	0	0	0	0	0	1	1	1	1	0	0	0	1	0	0	0	1	0	0	0
Otu616	2	0	0	0	0	0	0	0	1	0	0	0	1	0	8	9	0	0	0	0	0
Otu525	2	3	2	2	2	1	1	1	3	0	0	2	1	1	1	1	3	0	0	2	1
Otu1000	1	0	0	0	0	2	0	0	0	1	0	0	0	0	0	2	0	0	0	1	0
Otu559	2	0	1	0	0	0	0	1	1	1	0	1	0	0	1	1	1	1	0	4	0
Otu297	3	1	0	1	2	1	1	2	3	1	1	2	1	2	0	3	2	2	0	1	1
Otu230	2	6	8	18	12	0	9	10	3	6	0	3	3	3	2	1	13	1	7	6	7
Otu458	5	0	1	1	0	0	0	0	0	6	2	1	0	2	2	2	0	2	0	1	0
Otu43	8	14	33	47	91	6	58	158	26	11	6	48	8	11	17	6	21	46	48	42	3
Otu98	11	4	20	42	10	32	11	11	7	7	3	38	0	4	7	10	16	3	4	1	7
Otu324	5	1	0	2	1	2	1	1	2	1	1	1	1	1	1	1	5	1	1	1	2
Otu58	12	24	26	23	61	4	14	17	12	11	3	23	12	27	9	17	9	5	24	93	13
Otu133	5	1	2	6	13	2	2	1	3	3	0	4	8	1	4	3	5	1	0	8	0
Otu196	3	5	4	2	10	1	1	2	0	0	1	2	0	1	1	1	3	1	2	5	4
Otu774	8	2	1	6	3	10	10	8	7	4	0	6	0	0	2	1	2	4	1	1	2
Otu73	7	13	4	48	14	11	19	14	10	14	2	24	3	2	11	8	9	4	6	4	17
Otu825	3	0	0	0	0	0	0	0	0	0	0	0	0	0	0	0	0	0	0	0	0
Otu337	8	4	2	0	0	6	0	1	9	3	0	0	2	0	4	0	2	3	1	4	4
Otu41	6	13	24	9	31	9	11	17	26	20	11	63	8	22	27	60	9	6	12	53	17
Otu272	12	1	0	1	1	5	0	0	11	3	2	1	1	1	5	0	6	2	2	4	1
Otu223	8	6	13	21	16	2	16	17	12	24	2	4	1	6	1	9	12	3	14	6	13
Otu922	1	1	1	3	1	3	1	0	1	0	0	0	2	0	5	3	1	1	0	0	2
Otu224	4	7	2	2	1	6	2	11	5	2	0	3	2	1	4	2	6	0	6	7	2
Otu55	33	2	3	0	6	70	0	0	38	18	0	52	34	20	31	57	0	47	7	82	1
Otu704	2	1	0	0	1	0	1	0	1	3	5	2	0	1	5	5	1	0	1	1	1
Otu303	4	4	4	8	8	2	8	8	8	0	0	3	0	2	3	2	9	0	1	11	6
Otu389	5	0	0	1	0	0	0	0	1	1	0	0	1	0	0	0	1	1	1	0	3
Otu136	9	10	14	11	37	5	6	18	15	16	1	17	16	22	36	39	9	7	18	41	10
Otu228	5	0	10	1	1	4	2	3	8	16	2	5	0	4	12	3	13	7	6	13	3
Otu217	1	2	1	2	0	2	0	1	1	1	0	2	1	4	0	0	2	4	0	4	0
Otu582	5	0	0	0	0	0	0	0	1	0	0	0	0	0	0	0	0	1	0	0	0
Otu532	1	0	0	1	0	6	0	0	1	0	0	0	1	0	0	0	0	0	0	0	1
Otu212	3	0	5	1	2	7	0	6	4	2	1	5	2	0	3	1	7	6	2	13	6
Otu97	4	1	1	25	41	2	1	4	4	2	13	1	35	15	11	32	12	2	1	6	7
Otu176	9	0	2	3	2	9	6	1	2	1	0	8	0	0	0	0	1	6	0	1	3
Otu150	5	12	15	17	19	5	6	20	20	11	3	11	11	7	10	7	15	10	15	23	10
Otu447	1	1	1	0	0	0	7	4	1	0	0	1	0	0	1	2	0	0	0	2	1
Otu591	1	0	0	0	0	3	0	0	0	0	0	0	0	0	0	0	0	0	0	0	0
Otu601	1	0	0	0	0	2	1	0	1	0	0	0	1	2	1	2	1	0	2	0	1
Otu270	2	1	0	2	2	5	5	3	0	0	2	9	1	0	0	1	2	1	3	2	1
Otu711	20	5	5	6	2	2	1	6	5	4	5	3	6	5	5	48	6	2	2	8	2
Otu117	2	1	1	4	9	8	1	1	5	6	0	22	6	6	13	15	3	1	2	22	4
Otu425	2	0	0	0	0	8	0	0	0	0	0	0	0	0	0	1	0	1	0	0	0
Otu919	9	7	12	15	10	1	15	12	7	7	1	13	0	11	2	1	3	3	4	7	2
Otu119	14	3	3	0	5	16	1	0	7	5	2	23	3	1	1	3	6	8	0	9	0
Otu263	2	1	0	2	5	3	0	0	1	1	1	4	0	4	0	1	3	8	1	7	3
Otu595	4	0	0	0	1	5	0	1	0	1	0	0	0	0	0	0	0	0	0	0	1
Otu750	2	1	0	1	0	1	0	0	2	2	0	1	0	0	2	2	7	0	1	1	2
Otu855	2	0	1	0	0	4	0	1	2	1	0	0	0	0	2	1	1	0	0	0	0
Otu479	3	1	1	2	0	2	0	0	1	0	0	0	3	4	2	2	3	0	1	0	1
Otu950	1	0	0	0	0	2	0	0	0	0	0	0	0	0	0	0	0	0	0	0	0
Otu241	3	6	9	29	10	1	5	12	7	5	1	14	2	8	3	4	17	3	6	17	10
Otu826	2	0	0	0	0	0	0	0	1	0	0	0	0	1	0	0	0	0	0	1	0
Otu661	3	6	7	9	2	0	14	30	5	3	11	4	3	2	0	1	6	3	8	13	5
Otu923	4	5	1	3	2	2	1	3	6	4	0	10	2	13	8	2	8	5	4	10	3
Otu374	8	3	1	0	2	0	2	7	3	1	2	5	0	1	1	0	0	2	4	2	0
Otu163	2	9	11	12	21	10	2	12	12	12	8	33	6	9	14	11	19	13	31	28	4
Otu234	7	1	0	2	0	4	1	3	3	5	3	6	1	2	0	4	4	13	2	8	6
Otu181	2	3	3	2	1	2	1	11	1	9	8	5	0	0	2	0	5	2	3	4	2
Otu737	1	0	0	0	0	1	0	0	2	1	0	0	0	0	1	0	0	0	0	0	0
Otu62	13	8	15	29	32	11	5	26	24	15	0	17	17	9	11	12	15	26	51	36	11
Otu863	1	0	0	0	0	0	0	0	0	0	0	0	0	0	0	0	0	0	1	0	0
Otu875	1	0	0	0	0	1	0	0	1	0	0	0	0	0	0	0	1	0	1	3	0
Otu184	1	3	0	5	7	4	1	0	8	2	0	2	0	1	10	8	3	0	0	2	1
Otu343	3	0	0	17	4	18	0	0	4	3	1	0	1	0	1	1	0	0	0	3	0
Otu298	1	0	0	0	0	1	0	2	3	2	0	0	0	0	7	2	0	1	0	3	1
Otu195	8	4	11	3	1	1	1	5	5	5	0	10	0	6	11	8	15	5	9	12	7
Otu78	11	1	1	45	18	7	6	7	17	8	3	3	10	13	16	10	5	3	4	4	5
Otu177	5	0	0	0	2	14	0	0	0	1	0	5	0	0	5	3	0	7	0	0	0
Otu492	3	0	1	0	0	2	0	1	0	2	0	0	0	1	3	1	6	2	7	2	0
Otu352	6	1	1	2	4	12	3	0	2	1	1	9	7	4	1	1	1	1	0	9	7
Otu868	1	0	0	0	0	0	0	0	0	0	0	0	1	2	0	0	0	0	0	0	0
Otu468	1	1	0	1	0	0	0	1	2	2	0	0	4	0	1	4	1	1	0	4	0
Otu113	3	3	5	28	18	1	7	9	0	2	2	3	1	1	1	1	13	4	4	17	9
Otu353	5	2	3	0	0	0	0	1	0	5	0	1	1	0	2	16	0	0	0	3	1
Otu640	3	0	4	0	1	0	0	1	1	1	3	2	0	3	0	1	1	2	2	4	2
Otu446	3	1	1	0	0	2	0	0	2	1	0	2	0	0	0	0	0	3	0	5	0
Otu93	1	11	24	56	14	10	0	21	5	10	21	8	26	71	10	8	29	19	12	2	11
Otu344	8	10	20	6	7	7	4	6	1	2	2	16	7	7	6	3	7	5	7	9	2
Otu216	7	2	2	1	10	7	2	2	6	4	0	3	6	5	0	1	13	7	8	6	4
Otu277	6	34	19	28	17	1	1	18	2	7	3	16	16	10	34	33	25	5	32	26	9
Otu236	3	0	4	7	9	4	0	2	2	1	1	2	5	0	1	4	7	0	3	10	3
Otu131	5	5	6	1	2	1	2	5	10	4	0	4	1	2	2	1	11	2	4	1	6
Otu300	2	0	4	1	8	1	0	7	4	1	1	3	0	1	1	1	0	3	5	1	0
Otu243	2	0	0	0	0	4	1	0	0	1	0	1	0	0	3	0	1	1	0	0	0
Otu210	1	0	2	4	3	6	1	0	0	0	1	8	0	0	5	0	5	7	0	0	8
Otu419	1	2	0	0	1	2	1	0	1	0	1	2	0	3	3	1	4	1	1	0	1
Otu143	1	10	2	2	3	1	0	6	2	5	2	5	0	1	23	17	18	2	1	4	7
Otu423	3	2	1	3	2	4	0	1	5	0	0	1	1	2	0	0	4	1	0	2	0
Otu852	1	0	0	0	0	2	0	1	0	0	0	0	0	0	1	0	0	0	0	0	0
Otu233	2	4	3	3	2	1	1	1	2	3	16	0	13	6	11	9	6	1	9	5	5
Otu288	1	0	1	0	1	0	0	3	0	0	0	0	0	0	1	0	2	0	2	1	1
Otu187	7	1	2	10	3	7	1	1	4	1	0	1	1	0	34	0	4	0	1	1	1
Otu351	3	3	1	0	0	1	0	0	6	2	0	2	1	0	1	0	1	0	1	0	0
Otu537	1	0	3	1	0	1	0	0	1	1	0	0	0	0	1	1	0	0	0	0	0
Otu945	5	1	0	0	0	3	0	1	0	0	0	0	0	0	3	2	1	0	0	2	0
Otu346	4	2	0	2	0	8	1	0	4	0	0	0	1	1	0	1	0	0	0	0	0
Otu885	2	1	0	2	2	0	0	0	0	0	1	1	0	0	5	2	3	1	0	1	2
Otu313	3	0	0	0	1	2	0	1	2	0	1	2	0	0	5	1	2	3	1	1	0
Otu180	4	17	11	16	1	2	19	45	5	1	2	6	1	1	4	4	7	7	11	9	4
Otu59	3	11	24	136	37	1	11	19	7	1	25	9	8	4	16	4	19	2	20	7	14
Otu861	5	0	0	0	0	3	0	0	0	1	0	0	0	0	2	0	0	0	0	0	0
Otu211	4	3	2	4	6	7	1	4	7	2	12	12	0	4	11	6	10	1	2	7	7
Otu373	4	4	5	1	0	2	1	9	7	2	0	0	2	1	0	1	5	2	0	4	1
Otu214	4	2	0	6	7	8	0	1	3	7	1	5	5	1	10	6	3	2	2	1	0
Otu279	3	10	2	1	1	5	0	0	3	0	0	1	0	0	0	0	1	0	0	1	2
Otu605	2	1	6	8	8	4	3	5	11	4	1	12	5	12	12	3	12	7	2	9	5
Otu622	2	0	1	0	0	0	0	0	3	0	0	0	0	0	0	0	7	0	0	1	1
Otu523	4	2	3	3	0	2	2	0	0	0	0	0	0	0	0	3	0	0	1	0	2
Otu738	2	4	2	0	0	6	0	0	5	1	0	5	2	0	0	0	2	1	2	3	1
Otu268	8	3	3	2	0	9	1	1	2	1	0	2	0	0	0	1	0	3	0	1	5
Otu424	2	0	0	0	0	0	0	2	0	0	0	4	0	0	2	2	0	1	2	2	0
Otu121	5	4	6	45	36	5	5	9	6	6	0	3	11	6	2	2	5	12	5	0	3
Otu201	1	0	5	10	7	1	6	9	2	1	0	7	0	0	0	1	6	0	8	4	4
Otu722	1	0	1	0	0	4	0	0	3	1	1	0	0	1	0	0	0	0	0	0	0
Otu721	1	1	1	1	1	0	0	1	4	0	0	0	1	0	0	0	1	0	0	0	0
Otu379	1	0	0	0	2	6	0	0	0	0	2	4	0	0	3	1	0	0	0	0	0
Otu404	8	0	0	0	0	0	0	0	0	0	0	0	0	0	8	0	0	0	0	0	0
Otu284	2	0	0	0	0	8	0	1	7	0	0	0	0	1	0	0	2	0	0	0	1
Otu808	8	9	4	6	6	0	3	7	5	2	0	8	3	1	2	1	1	4	0	0	1
Otu159	4	5	11	2	1	2	5	6	3	1	0	0	2	0	1	1	8	1	2	3	3
Otu218	2	0	0	3	3	3	1	2	1	0	1	0	0	0	6	0	1	1	0	0	1
Otu518	5	0	1	0	0	7	0	0	1	0	1	0	0	1	1	1	0	0	0	0	0
Otu367	1	0	3	1	8	1	5	3	5	4	0	1	5	0	0	0	1	0	0	0	1
Otu493	2	1	0	0	0	0	1	3	1	0	0	0	0	0	0	0	0	0	0	0	1
Otu866	1	1	1	1	0	0	0	1	0	0	0	0	0	0	0	0	2	0	0	0	1
Otu684	1	1	0	0	0	0	0	0	1	3	0	1	2	1	0	0	1	1	0	4	1
Otu137	4	5	4	2	19	9	15	4	4	5	4	15	4	0	1	3	10	5	1	9	4
Otu709	3	1	0	2	1	1	0	0	0	0	0	2	0	0	1	0	0	0	0	0	0
Otu260	2	3	2	2	2	0	0	4	1	0	0	0	1	1	0	0	0	0	1	4	1
Otu487	3	3	1	10	5	0	0	4	0	4	0	1	2	3	3	5	5	4	6	3	1
Otu669	1	0	0	1	0	0	0	1	0	1	0	0	1	1	0	0	1	0	0	1	2
Otu341	1	3	0	1	0	6	0	0	7	0	0	0	2	0	6	0	1	0	0	0	0
Otu91	5	6	16	40	55	2	8	21	3	9	6	19	18	33	31	23	17	7	15	30	8
Otu809	5	17	10	9	10	11	5	10	16	13	1	6	14	4	1	3	9	5	7	5	1
Otu182	2	1	2	22	24	0	0	2	3	0	82	2	3	3	9	1	2	0	2	1	0
Otu828	2	0	0	0	0	3	0	0	0	0	0	0	0	0	0	0	0	0	0	0	0
Otu259	1	3	2	4	1	0	1	2	2	3	1	2	1	2	0	1	7	2	3	6	4
Otu1005	1	0	0	1	0	0	0	0	0	0	0	1	0	1	0	0	1	0	0	0	0
Otu122	1	8	12	0	2	0	2	13	10	4	2	10	0	3	21	18	20	10	9	15	14
Otu102	3	30	31	7	1	2	11	29	0	3	3	11	0	0	1	0	4	0	3	5	3
Otu519	1	0	0	1	0	0	0	1	3	0	0	1	0	0	0	2	2	0	0	1	2
Otu320	5	3	4	2	3	3	0	1	7	2	1	3	2	2	16	21	8	1	1	11	1
Otu375	6	0	1	0	1	8	0	0	3	0	0	0	2	0	5	0	1	0	0	0	0
Otu418	1	1	3	8	3	0	2	4	0	0	2	1	1	2	2	0	2	1	0	0	0
Otu32	9	33	40	57	47	10	13	39	18	15	23	30	11	14	177	67	40	10	91	99	25
Otu174	3	7	8	12	15	1	4	8	6	4	1	7	2	4	2	6	9	2	4	10	1
Otu327	1	0	1	0	0	1	0	0	2	0	0	4	0	0	2	3	0	0	0	1	0
Otu558	1	4	5	20	11	0	10	5	3	3	1	3	0	0	0	0	9	1	2	1	8
Otu235	1	0	0	0	2	0	0	4	4	5	0	4	2	6	1	3	4	2	1	2	4
Otu71	2	5	15	53	29	5	10	20	9	5	171	14	6	6	5	7	19	1	9	15	10
Otu544	1	11	13	4	3	1	3	6	6	6	0	6	9	24	0	2	22	5	15	43	13
Otu207	4	2	6	5	8	2	1	3	3	3	1	0	8	1	20	5	1	0	10	11	0
Otu761	1	0	0	0	0	0	0	0	0	0	0	0	0	0	1	0	0	0	0	2	0
Otu381	1	0	0	0	0	1	0	0	0	0	0	0	1	0	0	0	0	2	0	2	1
Otu209	4	0	3	6	3	9	1	1	3	0	2	16	0	1	3	8	4	1	3	6	0
Otu283	3	6	2	0	0	1	0	0	4	2	0	5	1	6	2	1	2	2	6	4	5
Otu744	1	0	1	0	0	1	1	1	0	0	0	0	1	0	0	0	0	0	1	0	0
Otu402	1	1	3	1	1	3	2	2	1	3	2	2	0	1	3	4	0	3	0	4	0
Otu609	1	1	2	0	0	0	0	2	1	1	1	2	0	0	3	0	1	0	2	0	1
Otu101	2	0	0	4	5	3	0	1	3	4	1	5	2	2	15	38	4	0	2	8	0
Otu448	4	0	0	0	1	6	1	0	1	0	0	1	2	0	0	0	1	0	1	0	0
Otu74	3	25	36	58	53	8	8	22	26	10	44	28	16	19	37	23	46	7	45	76	31
Otu408	2	1	2	1	0	1	4	1	0	0	0	3	1	4	0	1	2	2	0	5	3
Otu274	2	2	5	3	1	3	6	7	3	2	0	2	0	1	2	0	2	5	4	13	2
Otu168	2	2	0	1	3	4	0	6	3	3	0	3	2	3	2	1	4	1	1	5	3
Otu888	1	0	0	0	1	0	0	0	0	0	0	0	0	1	0	0	1	1	1	0	2
Otu561	2	0	5	2	2	3	0	0	4	3	1	3	3	0	2	2	1	1	1	3	0
Otu376	1	1	0	0	1	2	0	1	2	0	0	0	0	0	2	3	1	0	0	1	1
Otu496	1	0	0	0	1	0	1	1	1	0	1	0	0	1	1	0	1	2	0	5	1
Otu497	3	1	1	0	2	3	1	2	2	2	0	2	1	3	1	2	1	1	1	4	1
Otu84	1	27	56	18	13	2	23	37	0	2	0	1	3	2	0	0	11	1	4	14	2
Otu285	2	5	0	0	0	10	1	0	2	0	0	0	4	0	1	0	0	0	1	0	0
Otu821	3	0	0	1	0	2	0	0	0	1	0	0	1	2	1	0	0	1	0	0	0
Otu339	2	4	6	1	0	0	2	3	5	2	0	3	0	2	0	3	3	8	1	7	2
Otu322	3	1	0	0	0	4	0	1	4	1	0	1	0	1	0	0	2	0	2	3	2
Otu438	1	0	0	0	0	5	0	0	2	0	0	0	0	0	0	1	0	0	0	2	0
Otu255	2	3	6	9	19	6	3	6	2	1	2	4	1	0	0	0	8	4	10	13	2
Otu232	3	1	2	0	2	0	1	7	4	0	0	7	0	0	2	0	3	0	0	5	0
Otu391	2	4	15	3	1	2	0	3	7	10	1	11	4	6	5	5	7	6	7	16	7
Otu76	6	12	13	18	34	8	40	15	16	10	5	17	4	4	3	5	16	3	6	14	20
Otu707	4	0	0	0	0	0	0	0	0	0	0	0	0	0	0	0	0	0	0	0	0
Otu819	1	0	0	0	0	1	0	0	0	0	0	1	0	0	1	0	0	0	0	0	0
Otu275	1	0	1	13	13	3	2	2	2	2	0	4	0	1	0	3	2	4	5	4	0
Otu383	2	0	1	1	2	2	1	1	0	3	0	5	0	1	1	0	3	1	0	4	2
Otu426	2	2	0	1	2	2	2	0	1	0	0	0	0	0	1	0	0	2	0	2	0
Otu170	1	5	2	27	7	1	6	6	3	6	6	0	3	2	0	2	3	2	1	6	5
Otu508	1	0	0	1	0	1	0	0	1	1	0	1	0	1	2	0	0	2	0	1	0
Otu907	1	1	0	0	2	0	0	0	0	0	1	0	0	0	2	2	1	0	0	3	0
Otu107	7	8	9	3	4	1	1	6	15	8	8	14	3	8	9	10	15	13	9	27	9
Otu928	1	0	1	0	0	0	0	0	0	2	1	0	0	0	1	0	0	0	0	0	0
Otu40	3	11	10	66	46	12	19	26	8	12	2	24	4	7	18	34	32	7	8	26	22
Otu991	2	1	0	2	2	2	0	0	1	2	0	1	0	0	0	0	0	0	0	0	0
Otu765	2	0	0	0	0	0	0	0	0	0	0	0	0	0	0	0	0	0	0	0	0
Otu536	1	6	1	7	3	2	0	1	1	0	1	0	0	0	5	2	3	0	4	4	0
Otu495	2	2	1	3	1	2	0	1	1	0	1	3	0	5	0	2	3	1	0	3	0
Otu86	2	6	8	1	3	4	0	6	1	9	2	9	1	3	38	16	17	7	10	6	9
Otu597	1	0	0	0	0	0	0	0	0	0	0	1	0	0	1	2	0	0	0	0	0
Otu247	2	2	0	2	2	2	0	1	0	0	1	1	0	0	7	1	8	0	1	5	2
Otu822	1	0	0	0	0	0	0	0	1	2	0	2	0	0	0	1	0	1	0	0	0
Otu132	3	6	4	4	3	6	4	7	7	11	0	5	4	0	5	2	21	1	3	2	6
Otu96	3	1	1	5	16	1	16	25	6	5	0	2	3	5	0	3	1	1	5	114	5
Otu157	3	5	10	3	8	3	3	5	11	3	0	6	1	4	4	6	13	5	2	8	7
Otu613	1	0	0	0	0	0	0	0	2	0	0	1	0	0	0	0	1	1	0	3	1
Otu541	2	7	4	0	0	0	1	3	2	5	1	3	0	3	5	8	5	0	2	5	1
Otu267	1	2	2	0	1	1	0	4	3	2	0	4	3	4	2	1	5	3	2	8	1
Otu191	4	2	4	9	5	4	1	3	5	2	0	1	4	0	17	8	0	1	1	0	0
Otu190	3	6	5	1	3	1	0	1	9	5	0	5	3	3	11	2	7	5	3	5	3
Otu123	2	3	12	16	24	9	6	11	14	8	1	55	0	15	8	3	14	14	13	30	6
Otu986	1	0	1	0	0	0	0	0	0	1	0	0	0	0	0	0	0	0	0	0	0
Otu572	1	0	0	0	1	1	0	0	0	0	0	0	0	0	1	1	0	0	0	0	0
Otu472	4	9	8	11	1	1	2	11	2	4	0	2	1	1	0	0	3	5	3	2	4
Otu312	2	3	3	1	1	0	0	2	4	4	0	3	2	1	1	1	5	6	6	17	4
Otu629	3	4	2	10	2	0	1	6	1	1	0	1	3	7	2	1	3	0	1	1	1
Otu382	1	0	0	5	3	1	0	1	3	1	0	0	0	1	0	0	3	0	1	1	0
Otu245	2	5	6	1	8	3	2	0	3	2	1	10	0	2	4	12	5	1	3	1	6
Otu842	1	0	1	0	0	0	0	0	0	0	0	0	0	0	0	0	0	0	1	0	1
Otu386	4	2	1	0	0	0	0	2	3	1	0	1	0	0	4	8	1	0	0	4	4
Otu724	2	2	0	0	1	0	0	0	1	0	0	0	0	1	0	0	0	0	0	2	1
Otu1007	1	0	0	0	0	0	0	0	0	0	0	0	0	0	0	1	0	0	0	0	0
Otu80	1	2	2	36	28	3	1	3	2	28	1	7	48	15	11	15	6	1	0	1	0
Otu129	2	9	5	9	2	0	2	5	8	2	0	3	2	2	0	2	3	1	1	6	2
Otu347	1	0	2	5	2	0	0	2	0	0	0	3	2	2	1	1	2	0	2	5	0
Otu912	1	0	0	1	1	0	0	0	0	0	0	0	1	0	0	0	1	0	1	1	0
Otu686	1	1	0	0	0	0	0	0	0	0	0	0	0	1	0	0	1	0	0	0	3
Otu316	1	2	3	2	3	1	1	5	4	0	0	0	0	2	0	1	5	2	0	5	0
Otu897	1	0	1	0	1	0	0	0	0	0	0	1	0	0	4	0	0	0	0	1	0
Otu89	1	16	6	43	7	2	2	6	7	5	3	7	2	5	8	4	16	0	12	13	9
Otu687	1	0	0	1	0	0	0	0	0	0	0	0	0	0	0	1	0	0	1	0	0
Otu377	1	2	0	1	0	3	1	1	2	0	0	3	0	0	0	0	5	0	1	0	1
Otu586	2	0	1	1	0	0	0	0	1	1	0	0	0	0	0	0	0	0	0	0	0
Otu740	1	0	0	0	0	1	0	0	4	0	0	0	1	0	0	0	1	0	0	0	0
Otu731	2	0	0	0	2	1	0	0	4	0	0	4	5	1	4	0	0	1	0	2	2
Otu485	1	0	2	0	0	0	0	0	0	1	0	1	0	1	0	1	1	0	1	0	1
Otu328	1	10	3	0	0	1	1	3	6	0	0	0	0	0	1	0	8	0	1	0	0
Otu746	1	0	0	0	1	0	0	0	0	2	0	0	1	0	0	1	0	0	0	0	0
Otu138	2	4	20	34	6	2	23	39	7	2	17	5	2	1	4	2	7	1	10	2	3
Otu432	1	0	1	4	1	0	2	4	0	0	0	2	1	0	0	0	1	0	0	0	1
Otu646	1	0	0	0	0	1	0	0	0	0	0	0	0	0	10	0	1	0	0	0	0
Otu658	2	0	0	1	0	3	0	0	5	2	0	1	2	0	3	1	1	0	2	0	1
Otu172	1	1	1	8	6	4	2	7	0	1	1	5	1	3	6	4	2	1	1	11	1
Otu980	2	1	0	0	0	1	0	0	0	0	0	0	1	0	0	0	0	0	0	0	0
Otu361	4	4	8	24	6	15	3	6	4	5	7	21	2	3	4	4	8	4	4	8	6
Otu90	6	0	3	32	16	10	1	1	3	7	0	4	0	3	20	26	8	2	4	7	4
Otu249	1	2	3	0	2	1	0	1	3	0	2	2	1	1	3	3	4	4	5	6	1
Otu145	2	2	1	10	34	5	4	3	1	2	2	9	3	2	4	0	3	2	0	9	3
Otu451	2	0	1	0	1	9	0	0	4	2	0	1	1	0	1	0	0	0	0	0	1
Otu475	1	0	0	0	0	0	0	0	1	1	0	1	3	0	6	0	0	0	0	1	2
Otu643	1	0	0	0	0	1	0	0	0	0	0	1	0	0	0	0	1	0	0	0	0
Otu262	3	1	1	6	1	2	2	2	2	2	0	1	0	0	11	1	3	1	2	1	3
Otu416	1	3	1	7	1	0	1	2	2	0	0	4	1	0	7	4	1	2	1	1	0
Otu315	2	1	0	5	0	6	0	0	0	0	0	0	1	0	3	6	0	2	0	1	0
Otu910	1	0	0	1	0	0	1	1	3	0	0	0	0	1	0	0	0	0	2	4	0
Otu309	2	2	1	7	2	0	2	0	3	1	23	0	0	0	0	1	4	1	3	0	1
Otu975	1	2	2	0	2	0	0	0	1	3	0	4	0	1	0	1	4	2	2	6	1
Otu1002	1	0	2	0	1	2	1	1	1	1	0	0	0	0	0	1	1	1	1	3	1
Otu258	1	0	0	0	2	1	3	1	6	0	5	1	2	5	0	0	3	1	0	6	1
Otu318	1	0	0	0	0	0	0	0	0	1	0	2	1	6	16	13	1	0	0	1	3
Otu777	1	1	0	0	1	0	0	2	1	0	0	0	0	0	3	0	1	0	0	2	0
Otu506	1	4	3	0	1	3	2	4	2	1	0	0	0	0	2	1	3	1	1	6	0
Otu92	2	0	0	1	0	5	0	0	0	0	0	1	1	3	22	144	0	33	0	2	0
Otu200	1	1	2	5	13	0	1	2	0	0	0	1	4	2	3	2	2	1	0	4	0
Otu954	1	0	0	0	1	0	1	0	0	0	0	0	0	0	0	0	0	0	0	1	0
Otu430	2	0	2	4	0	1	2	0	0	0	0	1	1	0	1	3	0	1	1	0	2
Otu205	1	2	1	2	12	6	1	2	5	3	2	23	1	0	1	1	3	15	1	4	3
Otu767	1	0	0	0	0	0	0	0	0	0	0	1	0	0	0	0	0	1	0	0	0
Otu445	1	1	2	2	5	1	0	2	3	2	0	2	1	2	2	1	4	4	1	11	1
Otu600	1	1	2	0	0	0	0	1	1	1	0	2	0	0	0	2	0	1	2	2	0
Otu957	1	0	1	1	1	1	0	1	0	1	1	0	0	3	0	0	0	5	0	4	0
Otu807	1	0	0	0	0	0	0	0	0	0	0	0	0	0	0	0	0	0	1	0	0
Otu108	1	12	10	9	9	2	12	27	4	2	0	9	1	2	0	1	12	5	21	21	12
Otu943	1	0	0	0	0	0	0	0	0	0	0	0	0	0	3	1	0	1	1	2	0
Otu154	1	1	0	0	4	5	0	0	4	3	2	20	0	0	9	3	1	2	1	0	1
Otu512	1	0	0	0	0	1	0	0	3	3	0	0	0	0	1	0	1	0	0	1	0
Otu469	1	1	2	12	6	1	4	8	7	2	1	12	1	7	8	5	1	5	6	5	0
Otu183	1	3	8	13	16	0	7	8	9	2	2	16	1	8	4	2	7	8	12	28	6
Otu510	2	1	4	0	1	1	0	0	1	1	0	0	0	1	0	0	0	4	2	0	0
Otu728	2	0	0	0	0	0	0	0	3	0	0	0	1	0	0	0	0	0	0	0	0
Otu790	1	1	1	0	0	2	0	0	0	0	0	1	0	1	0	0	1	0	0	0	0
Otu791	1	0	0	0	1	1	0	1	0	0	0	0	1	0	1	1	1	0	0	0	0
Otu550	2	1	1	2	0	0	0	5	3	1	0	6	2	3	2	0	3	3	2	8	1
Otu520	1	1	2	0	0	3	1	1	1	1	1	1	1	0	5	2	1	0	0	1	0
Otu354	1	0	0	4	2	1	0	0	0	0	0	0	11	4	1	1	1	0	1	0	0
Otu796	1	0	0	0	0	0	0	1	0	0	0	0	0	0	0	0	1	0	0	0	0
Otu336	3	1	6	0	0	2	0	3	4	3	1	4	2	5	2	1	9	7	1	6	1
Otu409	1	0	0	0	1	0	1	0	1	1	0	2	3	6	0	0	0	0	2	3	1
Otu295	1	0	0	0	2	1	0	3	7	5	0	0	1	3	3	11	1	1	0	4	0
Otu673	1	3	14	9	9	1	2	5	3	3	2	2	2	2	1	0	11	1	7	8	1
Otu427	1	0	2	1	1	0	0	0	2	0	1	8	3	4	3	4	0	1	0	4	0
Otu665	1	1	0	0	0	0	1	1	1	1	0	0	0	0	2	0	0	0	0	0	0
Otu612	1	0	1	1	0	1	0	0	0	0	0	0	1	1	0	0	1	0	0	0	0
Otu848	1	1	0	0	0	0	0	0	0	0	0	0	0	1	0	1	0	0	0	0	0
Otu776	1	0	0	0	0	0	0	1	0	0	0	1	0	0	0	1	0	0	0	0	0
Otu403	1	2	1	1	1	0	0	0	2	0	2	1	0	0	0	0	1	0	2	1	1
Otu440	1	11	7	7	3	0	10	30	5	3	0	5	1	0	2	0	8	9	8	10	0
Otu350	1	0	2	0	0	2	0	0	2	0	0	1	1	1	1	0	1	0	1	1	2
Otu615	1	1	0	0	0	0	0	0	1	0	0	1	0	0	0	0	0	0	0	0	0
Otu304	1	0	2	0	1	2	1	4	3	2	1	4	2	1	3	1	8	2	3	7	1
Otu302	1	0	3	0	0	0	0	0	3	2	1	1	0	1	5	6	0	0	0	1	0
Otu1010	1	0	0	0	1	0	0	0	1	1	0	0	0	0	0	0	0	0	0	0	0
Otu671	1	0	0	1	0	0	0	0	0	0	0	0	0	0	4	0	0	0	0	0	0
Otu296	1	3	3	3	3	5	0	3	10	3	1	3	4	2	15	0	4	2	3	2	2
Otu961	1	0	0	0	0	1	1	2	0	0	0	0	0	0	2	1	0	0	0	0	0
Otu741	2	1	0	0	0	6	0	0	1	0	0	0	0	0	0	0	2	0	0	0	0
Otu981	1	0	1	0	0	0	1	0	0	0	0	2	1	0	0	0	0	1	0	0	0
Otu166	1	3	3	4	10	3	0	10	5	3	0	2	1	2	1	2	8	2	7	5	1
Otu465	1	5	0	0	0	0	1	0	2	1	0	4	0	0	0	2	8	3	2	3	0
Otu678	1	0	1	0	2	0	1	0	0	1	1	1	0	0	0	0	2	0	0	1	0
Otu672	1	4	2	1	0	0	0	1	0	1	0	0	3	2	0	0	3	0	2	3	0
Otu330	1	2	4	9	5	3	2	1	7	5	1	6	8	4	2	0	8	0	5	7	2
Otu208	1	3	11	0	2	0	2	4	5	5	2	7	0	2	6	8	11	4	2	10	3
Otu856	1	0	1	0	1	3	0	1	0	0	0	0	0	0	0	0	0	0	1	0	0
Otu921	1	0	1	1	4	0	0	0	0	0	0	0	0	0	0	0	1	0	0	0	1
Otu220	1	8	5	12	7	2	7	5	4	2	0	0	0	3	0	1	4	1	0	2	5
Otu407	1	3	5	4	3	2	0	3	3	1	2	6	2	2	6	2	9	1	2	6	2
Otu329	1	1	5	6	6	1	0	8	0	3	1	1	0	2	0	0	3	5	4	3	1
Otu264	1	6	5	1	6	6	2	0	4	1	2	2	0	0	0	0	2	1	3	6	4
Otu286	1	9	2	3	1	8	1	6	7	2	0	1	5	3	2	1	9	2	4	8	3
Otu188	3	3	3	3	2	0	0	6	2	4	0	6	0	4	5	4	4	7	1	15	6
Otu490	1	1	2	2	1	1	0	0	1	1	0	0	0	0	0	0	0	0	0	0	2
Otu872	1	0	1	2	1	0	0	2	1	1	0	0	1	0	1	1	0	0	0	0	0
Otu289	1	1	0	0	1	2	1	3	3	4	1	1	2	2	47	24	7	1	0	0	6
Otu521	1	0	2	0	0	0	0	1	0	0	0	2	1	0	0	0	1	1	0	0	0
Otu890	1	0	0	0	0	0	0	0	2	0	0	0	0	0	0	0	0	0	0	0	0
Otu464	1	2	0	1	1	1	0	0	1	0	0	0	0	1	1	1	1	4	0	4	1
Otu149	2	1	3	4	4	1	18	20	0	1	3	11	2	4	0	0	3	6	10	5	1
Otu782	1	1	3	0	0	2	0	0	2	1	0	0	0	1	1	0	0	2	1	1	0
Otu723	1	1	7	3	4	2	1	1	9	1	0	5	1	3	3	1	6	1	4	6	4
Otu280	1	8	5	12	6	4	3	5	6	7	1	2	1	1	6	6	13	4	2	2	4
Otu769	1	4	1	2	2	0	0	2	2	2	0	0	2	2	1	0	0	0	0	1	1
Otu1003	1	0	0	0	3	0	0	1	1	1	0	0	0	0	2	3	0	1	0	0	0
Otu412	1	0	0	0	0	0	0	0	0	0	0	0	1	7	0	1	2	0	0	1	1
Otu240	1	3	9	5	0	0	3	12	1	5	0	1	3	3	0	0	13	1	11	13	10
Otu498	1	0	0	0	0	5	0	0	0	1	0	0	0	0	0	0	0	0	0	0	0
Otu929	1	0	0	0	0	0	0	0	0	0	0	0	1	0	0	0	0	0	0	0	0
Otu651	1	0	0	0	0	0	0	1	0	0	0	2	0	0	0	0	0	0	1	0	0
Otu410	1	0	0	6	0	0	1	4	1	0	1	3	2	2	1	0	0	1	0	0	0
Otu588	0	1	1	0	0	2	0	1	0	0	0	0	0	0	0	0	2	0	0	0	0
Otu810	0	2	2	0	1	0	1	0	1	0	0	0	1	0	1	0	0	0	0	2	1
Otu189	0	22	25	1	4	0	2	7	1	0	0	0	0	0	0	1	3	0	2	2	1
Otu203	0	13	12	36	41	1	19	28	8	2	2	5	15	11	1	0	14	3	15	9	10
Otu862	0	2	1	1	6	0	0	3	0	1	0	0	1	3	1	0	1	0	2	0	0
Otu1011	0	1	1	0	0	0	0	0	0	2	0	0	1	1	5	1	0	1	1	0	0
Otu278	0	6	1	3	1	0	3	4	0	3	0	5	0	1	1	0	3	0	1	1	1
Otu530	0	1	0	0	0	1	0	0	0	0	0	1	0	0	0	0	0	0	0	0	0
Otu371	0	1	0	1	0	0	0	0	0	0	0	0	3	5	0	0	1	0	1	9	0
Otu415	0	2	1	1	1	1	0	1	2	2	0	0	1	1	0	0	1	0	0	2	0
Otu106	0	2	3	1	10	2	6	2	7	8	5	25	2	2	23	57	1	1	3	9	1
Otu898	0	1	6	5	0	0	0	3	1	1	0	5	1	4	3	0	3	1	3	5	0
Otu905	0	2	0	0	0	0	0	0	5	0	0	0	4	0	0	0	0	0	1	1	0
Otu700	0	5	2	6	5	1	6	3	1	1	1	2	0	2	4	1	2	0	0	1	3
Otu253	0	5	1	0	0	0	1	6	3	1	0	4	0	0	1	1	2	2	3	5	2
Otu397	0	3	1	0	1	0	0	0	2	1	0	1	0	1	0	0	1	0	2	2	2
Otu956	0	3	1	3	1	2	3	3	0	2	0	1	4	3	2	1	2	0	1	1	1
Otu360	0	3	1	1	1	2	2	7	2	0	1	1	2	1	1	2	3	0	2	12	0
Otu583	0	2	4	1	4	0	0	1	0	2	0	0	0	1	2	1	0	0	0	3	0
Otu795	0	1	1	0	5	0	0	0	2	1	4	1	0	0	0	2	0	2	0	2	0
Otu169	0	7	8	8	4	1	19	23	2	4	2	2	1	1	1	0	7	3	15	7	4
Otu299	0	6	1	1	2	2	4	11	3	1	0	1	0	0	2	2	5	5	7	0	0
Otu368	0	2	2	2	3	1	3	4	1	0	0	0	2	1	0	0	4	3	5	6	1
Otu167	0	14	10	8	9	1	19	46	7	5	1	11	1	3	4	2	5	13	14	10	7
Otu271	0	4	4	2	0	0	1	0	4	1	1	1	0	1	2	3	4	3	4	4	4
Otu301	0	9	9	5	3	1	2	4	2	4	1	3	1	3	9	2	1	4	8	4	2
Otu332	0	4	0	0	1	2	0	3	1	2	0	0	0	1	0	1	3	0	1	1	2
Otu372	0	6	3	3	1	0	0	0	0	0	2	0	0	0	2	0	0	1	2	0	0
Otu694	0	2	1	0	1	2	1	1	2	0	0	0	5	0	0	0	1	0	0	0	2
Otu308	0	3	2	2	2	0	3	9	2	0	0	2	1	1	0	0	8	1	1	8	1
Otu577	0	5	1	2	3	0	1	5	0	3	7	1	0	0	1	0	4	0	1	2	1
Otu153	0	10	14	16	10	0	3	4	1	1	0	1	1	2	1	1	6	0	11	3	5
Otu589	0	3	0	1	2	1	0	2	2	0	2	0	1	1	1	1	3	0	3	0	0
Otu109	0	3	9	31	20	1	2	6	11	6	0	2	6	8	4	3	5	3	6	8	4
Otu127	0	18	6	0	0	13	0	0	1	5	7	4	0	0	5	2	34	8	0	0	0
Otu766	0	2	0	0	0	0	0	1	0	0	1	1	0	0	0	0	1	0	1	0	0
Otu540	0	2	0	1	2	1	1	6	0	0	0	2	1	0	0	0	1	3	2	2	0
Otu457	0	1	0	0	1	0	0	0	0	0	0	0	0	0	4	5	0	0	0	0	0
Otu647	0	1	2	1	0	0	0	0	0	0	0	0	1	0	1	1	0	0	0	2	0
Otu323	0	1	1	0	0	1	0	3	1	1	0	3	0	4	0	2	5	5	1	3	1
Otu227	0	7	7	2	4	0	3	4	2	2	0	4	3	4	0	0	9	0	3	2	3
Otu140	0	3	7	8	12	1	11	28	0	1	0	3	1	4	2	0	4	1	8	11	0
Otu696	0	1	0	0	0	0	0	3	0	0	0	0	0	2	0	0	0	2	0	3	1
Otu141	0	7	2	13	0	1	1	2	0	1	4	3	2	4	18	3	13	1	4	5	4
Otu584	0	1	0	4	0	0	1	1	2	1	0	0	0	2	3	1	0	0	2	1	1
Otu892	0	1	0	0	0	0	0	0	0	0	0	0	0	0	0	0	0	0	1	0	0
Otu715	0	3	1	0	0	0	0	1	0	1	0	2	0	1	2	5	0	0	0	2	1
Otu529	0	4	5	0	1	0	1	3	0	1	1	1	0	1	1	1	0	1	0	2	1
Otu317	0	1	3	3	1	0	2	0	1	0	1	1	0	1	1	3	1	1	1	2	0
Otu433	0	5	2	1	1	0	0	1	1	0	0	1	1	0	1	0	0	2	2	7	1
Otu908	0	2	2	0	0	1	0	0	2	3	1	1	2	2	0	0	1	0	0	6	0
Otu735	0	1	0	0	1	0	0	2	1	0	0	0	0	1	0	0	1	0	0	2	0
Otu355	0	5	1	0	2	0	1	2	6	0	0	3	4	19	0	1	4	0	0	38	0
Otu562	0	2	0	0	1	2	0	0	0	2	1	3	1	1	0	0	0	0	0	0	1
Otu781	0	1	2	0	0	0	0	0	1	1	1	1	1	0	0	0	4	1	1	0	0
Otu660	0	1	0	0	0	0	0	0	0	0	0	3	0	1	1	0	1	0	0	2	1
Otu85	0	1	12	18	13	6	5	27	15	7	5	12	1	3	6	16	4	8	6	9	3
Otu489	0	2	2	5	1	0	0	0	0	0	0	0	1	1	0	0	1	0	0	2	0
Otu179	0	4	4	2	3	2	1	6	3	5	3	22	0	5	16	13	5	8	1	7	2
Otu450	0	2	3	0	0	2	0	7	0	0	0	1	0	0	1	1	2	0	0	0	1
Otu702	0	4	3	0	3	2	1	1	0	0	0	3	0	1	0	0	3	0	1	2	3
Otu538	0	1	0	5	0	0	0	0	0	0	0	0	0	0	0	0	1	0	0	2	0
Otu435	0	6	0	0	0	0	4	0	4	0	0	0	0	0	0	0	0	0	1	4	0
Otu60	0	5	2	90	6	1	0	0	0	1	3	0	0	0	0	0	151	0	0	0	1
Otu649	0	2	6	0	0	0	1	1	1	1	1	0	0	0	0	1	0	0	0	1	0
Otu607	0	1	1	0	0	0	1	2	0	0	0	0	0	2	0	1	0	0	0	2	2
Otu453	0	3	1	0	1	0	0	0	0	0	7	5	0	0	0	0	2	1	1	2	0
Otu256	0	2	3	2	3	1	2	2	5	0	0	1	1	2	1	0	1	2	1	0	2
Otu574	0	2	1	0	0	0	0	0	0	0	0	0	4	4	1	0	0	0	0	2	0
Otu935	0	2	0	1	0	0	0	0	0	0	0	1	0	0	0	1	1	0	0	0	0
Otu366	0	4	1	0	0	0	1	3	3	0	0	0	0	0	1	0	0	1	0	0	1
Otu534	0	1	1	1	0	1	1	0	1	2	0	1	0	1	0	0	3	2	1	3	0
Otu829	0	2	1	0	0	0	1	2	1	0	0	0	0	0	1	1	0	0	0	0	1
Otu390	0	1	0	0	0	0	0	3	2	1	0	2	1	0	0	1	1	1	0	2	1
Otu831	0	1	0	0	3	0	1	0	0	0	0	0	0	0	0	0	0	0	0	0	0
Otu552	0	2	1	1	0	0	0	0	1	1	1	0	0	0	0	1	1	1	0	2	4
Otu883	0	1	0	0	1	0	0	0	0	0	0	0	0	0	0	0	0	0	0	0	0
Otu72	0	2	17	9	4	5	2	5	0	0	0	1	104	352	123	100	2	0	1	78	3
Otu528	0	1	1	2	0	0	0	0	0	0	0	0	0	0	2	1	1	0	0	1	0
Otu614	0	3	4	0	1	0	1	3	1	2	0	0	2	1	0	0	3	0	2	2	1
Otu202	0	3	1	6	2	0	5	12	1	0	0	0	1	0	0	0	3	0	6	5	3
Otu632	0	1	0	0	0	2	0	0	0	0	0	1	0	0	0	1	0	0	0	0	0
Otu467	0	2	1	0	0	1	0	0	2	0	1	0	2	1	6	5	2	1	0	0	2
Otu581	0	1	0	5	2	1	1	0	1	0	0	0	0	0	1	1	1	0	0	0	2
Otu692	0	1	3	1	0	0	0	1	0	2	0	0	0	0	0	0	0	0	0	2	0
Otu717	0	2	2	0	0	0	0	0	1	0	0	0	0	0	0	0	0	0	0	0	0
Otu690	0	2	1	0	0	1	1	1	0	1	0	1	1	4	1	0	3	1	1	1	2
Otu598	0	3	2	6	2	0	1	0	1	1	2	1	0	2	0	0	1	0	1	0	2
Otu273	0	7	2	4	0	0	1	14	3	1	0	6	0	0	12	1	2	2	1	1	3
Otu459	0	1	0	0	0	0	0	0	0	1	0	3	0	0	2	2	0	0	0	0	0
Otu186	0	1	4	3	6	0	1	1	11	3	3	7	6	2	6	10	2	0	1	5	2
Otu164	0	5	3	17	17	3	0	1	1	3	30	1	13	6	2	0	9	0	10	2	2
Otu556	0	1	3	6	1	0	0	2	0	0	0	2	2	2	0	0	1	0	0	3	3
Otu514	0	2	1	0	0	0	2	2	2	0	0	0	0	1	0	0	0	3	0	2	0
Otu444	0	1	9	8	6	0	0	2	1	0	3	1	3	2	3	0	1	1	0	0	3
Otu171	0	2	7	16	14	1	4	6	0	2	5	12	5	1	5	1	16	0	10	6	3
Otu462	0	2	0	0	1	0	0	0	0	1	0	0	0	0	0	0	0	0	0	4	0
Otu378	0	1	0	0	1	0	0	1	0	0	0	0	0	0	1	0	0	0	0	0	1
Otu454	0	2	0	2	1	0	3	2	0	0	0	0	1	0	0	0	1	0	0	0	0
Otu385	0	2	3	0	0	1	1	1	1	1	0	0	0	2	5	1	1	1	0	1	1
Otu901	0	1	0	0	0	0	0	0	0	0	0	0	1	0	0	0	0	0	0	0	1
Otu449	0	1	3	0	0	1	0	2	0	0	0	2	1	0	2	0	2	2	0	3	1
Otu902	0	3	2	0	1	0	0	1	1	0	0	2	0	0	1	0	4	3	0	0	2
Otu802	0	1	0	0	0	0	0	0	0	0	0	0	0	0	1	1	0	1	1	0	1
Otu359	0	3	0	0	0	2	0	0	7	0	0	0	0	0	0	0	0	0	0	0	0
Otu602	0	1	4	6	1	0	0	1	0	1	1	0	4	3	2	1	6	0	1	0	0
Otu551	0	2	0	3	1	1	0	0	0	1	1	1	1	3	0	0	2	0	0	1	0
Otu729	0	2	0	2	0	0	1	1	2	0	0	3	0	0	0	0	0	0	0	0	0
Otu1004	0	2	1	0	0	0	0	0	0	0	0	2	0	1	0	0	2	0	0	0	0
Otu526	0	1	2	4	0	0	1	2	0	1	0	2	0	1	0	0	4	0	1	3	2
Otu118	0	1	0	0	0	1	0	1	5	2	0	11	1	7	144	149	12	0	0	0	27
Otu899	0	1	0	0	0	0	0	0	0	0	0	0	0	1	0	0	1	0	0	0	0
Otu321	0	1	0	1	3	0	1	0	1	1	0	1	1	1	0	1	0	0	1	6	0
Otu545	0	1	1	0	1	0	0	0	1	0	0	0	0	0	1	1	0	0	0	0	0
Otu185	0	1	0	0	1	0	1	3	1	1	0	0	2	16	17	14	1	0	0	1	0
Otu976	0	3	2	0	1	0	0	1	1	0	0	1	0	0	1	0	0	0	0	1	0
Otu527	0	4	2	3	1	0	1	4	0	1	0	3	0	0	0	0	1	0	1	2	1
Otu720	0	2	0	6	0	2	0	0	0	0	1	0	0	0	0	0	0	1	0	0	0
Otu384	0	3	1	0	0	0	0	0	4	2	1	2	0	0	0	1	2	1	2	3	1
Otu221	0	1	3	15	16	4	8	7	6	12	1	6	11	11	10	5	4	1	10	21	1
Otu198	0	1	5	1	5	1	1	9	3	1	0	2	0	0	5	0	1	2	5	5	3
Otu680	0	1	0	0	0	1	0	0	4	0	1	0	0	0	2	1	2	0	1	0	0
Otu851	0	1	1	1	1	0	0	1	0	0	0	0	1	0	0	0	1	0	0	0	0
Otu524	0	1	2	0	0	1	0	6	0	0	0	3	0	5	1	1	2	3	5	3	2
Otu867	0	1	0	10	1	0	0	0	0	0	0	0	0	0	0	0	5	0	0	0	3
Otu333	0	1	1	0	1	0	8	3	1	1	1	2	1	0	1	1	1	0	2	1	1
Otu604	0	1	0	0	0	0	0	0	1	2	0	2	0	1	3	0	3	3	0	1	3
Otu413	0	1	0	3	3	0	4	2	3	2	0	7	0	0	0	1	3	3	2	1	4
Otu560	0	1	0	0	0	1	1	2	1	0	0	0	0	0	1	0	1	0	1	1	1
Otu914	0	1	0	1	1	0	0	0	0	0	1	0	1	1	8	0	2	0	0	1	0
Otu758	0	1	2	0	2	0	0	0	0	0	0	1	0	0	3	0	0	1	0	2	0
Otu1008	0	1	1	0	1	0	1	3	0	0	0	0	0	0	0	0	1	0	0	0	0
Otu904	0	1	0	0	0	2	0	0	0	0	0	0	0	0	0	0	0	1	0	0	0
Otu900	0	1	0	0	1	0	0	0	0	0	0	0	0	0	0	0	0	0	0	0	1
Otu610	0	2	0	0	1	0	0	3	0	0	0	0	0	0	0	0	0	0	1	0	0
Otu932	0	1	1	1	0	1	0	0	0	0	0	1	0	1	1	1	2	1	0	2	0
Otu513	0	2	3	3	8	1	1	3	1	0	0	1	1	2	0	2	2	2	4	4	3
Otu348	0	2	5	4	1	0	1	0	2	1	0	0	1	1	1	0	4	1	1	5	3
Otu978	0	1	0	0	0	0	0	0	2	0	0	2	0	1	0	0	1	0	0	1	0
Otu909	0	1	0	3	0	0	0	0	2	0	0	0	0	0	0	0	0	0	0	2	0
Otu611	0	1	1	0	0	0	0	0	0	0	0	1	0	0	0	0	0	0	0	2	0
Otu820	0	1	3	4	0	0	1	5	0	0	0	1	0	1	2	0	0	2	1	2	0
Otu480	0	1	0	0	0	0	0	2	1	0	0	0	0	0	0	0	0	2	1	1	0
Otu847	0	1	1	0	0	0	0	1	0	0	0	0	0	0	0	1	2	1	2	4	0
Otu787	0	1	0	0	0	1	0	0	0	0	1	7	0	2	2	2	1	1	0	5	0
Otu992	0	1	0	0	0	1	0	0	0	0	0	0	0	0	0	0	0	0	0	0	2
Otu958	0	1	0	2	1	0	1	1	0	0	0	2	1	0	0	0	0	1	1	2	1
Otu311	0	1	2	2	3	0	0	0	2	0	7	18	0	0	0	0	3	0	1	0	1
Otu972	0	1	0	0	0	0	0	0	0	0	0	1	0	2	1	1	1	1	0	1	1
Otu712	0	1	0	0	0	2	0	0	1	0	0	0	0	0	2	0	1	0	0	1	0
Otu575	0	1	0	0	1	1	0	2	3	0	0	0	0	0	1	0	0	0	0	1	0
Otu319	0	1	0	1	11	3	1	3	3	4	0	1	3	10	2	4	0	1	2	3	2
Otu963	0	1	1	0	0	0	0	0	1	0	0	0	0	0	1	0	0	0	0	0	0
Otu365	0	1	1	0	0	3	0	2	4	1	0	2	0	3	10	2	4	2	2	2	3
Otu488	0	1	0	0	0	3	0	0	1	0	0	0	1	0	2	2	0	0	0	0	0
Otu648	0	1	5	1	0	0	0	1	1	1	0	1	0	0	0	0	1	0	0	1	0
Otu502	0	1	1	2	0	0	0	0	0	0	0	0	1	0	0	0	1	1	0	0	0
Otu434	0	1	0	0	0	0	0	0	0	0	0	2	1	1	0	2	0	0	0	0	0
Otu266	0	2	5	36	15	5	7	10	4	6	2	3	2	7	0	2	3	2	4	0	0
Otu342	0	1	0	0	1	2	0	3	3	1	0	1	3	2	0	0	1	2	4	4	1
Otu482	0	1	0	0	2	0	0	0	1	0	0	0	0	0	0	0	0	0	0	0	0
Otu926	0	1	9	6	3	1	3	2	1	0	2	3	1	1	2	1	0	0	1	3	0
Otu294	0	2	4	1	0	0	1	0	1	2	0	0	1	0	0	6	1	1	0	1	1
Otu812	0	1	0	1	0	0	0	1	1	0	1	0	0	0	0	0	0	1	0	0	0
Otu442	0	1	0	1	1	0	0	0	2	0	3	2	3	4	1	3	5	1	1	3	1
Otu461	0	1	1	0	1	0	0	0	0	0	4	0	0	0	5	1	1	0	0	0	0
Otu884	0	1	1	1	0	0	0	0	0	0	0	1	0	2	0	0	2	1	0	0	1
Otu504	0	1	0	2	1	0	0	3	0	1	1	3	0	2	0	1	1	1	0	1	2
Otu642	0	1	1	0	0	0	0	0	0	0	0	0	0	0	0	0	0	0	0	0	0
Otu362	0	1	1	2	0	0	2	7	1	0	0	4	0	1	6	1	3	1	0	0	0
Otu219	0	1	6	3	5	4	1	3	19	0	2	3	0	2	2	0	3	2	5	18	1
Otu706	0	1	0	0	0	0	0	0	0	0	0	0	0	0	1	0	0	0	0	0	0
Otu455	0	1	0	0	0	0	0	0	2	0	0	0	0	0	3	1	0	0	0	0	0
Otu970	0	1	0	0	0	0	0	0	0	0	0	1	0	0	0	0	1	0	0	0	0
Otu429	0	1	0	0	0	0	0	0	0	0	0	0	0	0	19	0	0	0	0	0	0
Otu421	0	1	4	0	1	0	1	3	0	0	0	0	0	0	2	0	4	1	0	1	0
Otu494	0	1	2	0	1	0	0	1	0	1	1	8	0	2	0	0	2	1	7	0	1
Otu568	0	0	5	3	7	0	0	1	0	0	0	0	1	2	0	0	0	0	0	0	2
Otu708	0	0	1	0	0	0	0	1	3	0	0	0	0	0	0	2	0	0	0	0	0
Otu349	0	0	2	20	8	1	3	1	1	2	1	2	2	0	1	2	2	0	3	1	3
Otu388	0	0	1	6	1	0	0	0	1	1	1	0	0	3	17	0	2	3	0	1	1
Otu251	0	0	2	4	7	0	2	1	1	0	1	2	0	0	0	1	9	0	1	1	7
Otu533	0	0	2	4	0	0	3	6	2	0	0	4	1	0	0	0	3	1	7	3	1
Otu893	0	0	2	0	0	0	0	1	0	0	0	0	0	1	0	0	0	0	1	0	0
Otu396	0	0	2	0	0	0	0	2	2	0	0	1	2	0	0	0	1	2	1	2	0
Otu779	0	0	1	0	3	0	0	0	0	0	0	0	0	3	0	0	0	0	0	0	0
Otu655	0	0	1	0	0	0	0	0	0	0	0	0	0	2	0	2	1	1	0	1	1
Otu306	0	0	1	0	0	0	0	1	1	0	0	7	0	0	0	0	0	1	0	8	0
Otu755	0	0	2	0	1	0	0	0	1	0	0	0	3	13	5	9	0	0	0	3	0
Otu967	0	0	1	0	0	1	0	0	0	0	0	0	0	0	0	0	0	0	0	1	0
Otu357	0	0	1	1	2	0	0	1	3	1	0	0	1	0	0	1	6	0	1	7	2
Otu331	0	0	2	3	0	0	3	7	2	0	0	1	0	0	0	1	0	1	7	2	0
Otu993	0	0	1	0	0	0	0	0	0	0	0	0	0	0	0	0	0	0	0	0	1
Otu431	0	0	1	1	0	8	0	0	2	3	0	0	1	0	0	0	0	0	0	1	2
Otu477	0	0	3	0	1	0	0	1	1	0	0	1	0	0	1	0	0	0	0	4	0
Otu995	0	0	2	0	0	0	0	1	0	0	0	0	0	0	0	0	2	0	0	1	0
Otu748	0	0	1	0	0	0	0	0	0	1	0	0	0	0	0	0	2	0	0	0	0
Otu505	0	0	3	0	0	0	0	0	3	0	0	0	0	0	1	0	1	0	2	0	1
Otu257	0	0	3	1	3	0	1	0	2	1	10	1	0	0	6	0	5	0	1	0	0
Otu925	0	0	1	0	0	0	0	1	0	0	0	1	0	0	0	0	1	0	0	1	0
Otu768	0	0	4	7	3	0	5	23	0	0	1	0	2	1	3	6	2	0	2	0	1
Otu865	0	0	1	0	0	0	0	0	0	0	0	0	1	0	0	0	0	0	0	1	0
Otu626	0	0	2	0	1	0	0	2	2	0	0	0	0	0	0	0	1	0	0	2	0
Otu670	0	0	1	2	0	0	0	0	1	2	0	2	1	0	3	1	1	0	0	0	0
Otu730	0	0	1	1	0	0	0	1	0	0	0	0	0	1	0	0	2	0	0	0	0
Otu463	0	0	1	0	0	0	0	1	0	0	0	3	0	0	0	0	0	2	0	7	0
Otu876	0	0	1	0	1	0	0	1	0	0	0	1	0	0	0	0	1	0	0	0	0
Otu254	0	0	3	8	1	0	11	4	0	0	2	0	0	1	1	1	1	0	2	2	1
Otu126	0	0	1	5	0	10	0	0	2	2	0	1	1	0	55	3	3	0	0	0	1
Otu197	0	0	1	16	10	2	0	1	0	2	0	0	0	0	1	2	1	0	1	2	1
Otu522	0	0	1	0	0	0	1	1	1	0	0	1	0	1	0	0	2	0	1	5	1
Otu674	0	0	1	0	0	0	0	0	1	0	0	1	1	1	0	0	2	0	1	1	0
Otu555	0	0	2	5	0	2	3	1	2	1	0	1	0	0	0	0	4	0	0	2	1
Otu335	0	0	4	5	9	0	1	6	0	2	0	1	1	0	0	0	0	0	2	4	1
Otu637	0	0	2	0	0	0	0	1	2	3	0	0	0	6	0	1	1	0	1	1	1
Otu287	0	0	1	3	2	0	6	8	1	2	0	1	2	5	2	0	3	0	0	0	2
Otu934	0	0	2	0	0	0	0	0	1	0	0	0	0	2	0	0	1	0	1	0	0
Otu858	0	0	1	1	0	0	0	0	0	0	0	0	0	0	0	0	0	0	0	0	0
Otu803	0	0	1	0	0	0	0	0	0	0	0	1	0	0	0	0	1	0	0	0	1
Otu685	0	0	2	0	0	0	0	0	0	0	0	0	0	0	0	0	0	0	1	0	0
Otu392	0	0	1	0	0	0	0	0	0	1	0	0	0	0	2	4	1	0	0	0	0
Otu636	0	0	2	0	3	0	0	1	2	0	0	1	4	2	12	1	0	0	0	0	1
Otu942	0	0	2	0	0	0	1	0	0	0	0	0	0	2	0	0	0	0	0	1	0
Otu933	0	0	1	0	0	0	0	0	0	0	0	0	0	0	1	0	0	0	0	0	0
Otu535	0	0	1	0	0	3	0	1	1	0	0	2	1	0	0	1	2	0	1	1	0
Otu244	0	0	1	0	1	0	1	1	1	0	0	1	0	0	13	9	2	0	0	1	1
Otu573	0	0	1	0	1	1	1	1	0	1	0	2	0	0	0	1	1	1	0	2	0
Otu937	0	0	1	0	0	0	0	1	0	1	0	1	0	0	0	1	0	0	0	5	0
Otu608	0	0	2	0	0	0	0	0	3	0	0	0	0	1	0	0	2	1	0	3	0
Otu949	0	0	1	0	1	0	1	0	0	1	0	0	1	0	0	0	2	0	1	1	0
Otu481	0	0	1	0	0	0	0	2	2	3	0	1	0	0	0	0	0	2	0	2	1
Otu733	0	0	4	0	2	1	2	1	3	1	0	1	0	1	1	1	3	0	0	2	0
Otu773	0	0	1	1	3	0	0	0	0	0	0	2	0	0	0	2	0	0	0	1	0
Otu841	0	0	2	0	1	0	1	1	2	0	0	1	0	0	2	1	1	0	0	0	1
Otu593	0	0	1	0	0	0	0	0	1	1	1	0	0	1	0	0	0	2	0	0	0
Otu947	0	0	1	0	0	0	0	0	0	0	0	1	0	0	0	0	0	0	0	0	0
Otu878	0	0	1	1	1	0	0	0	0	0	0	0	0	0	0	0	0	2	0	1	0
Otu635	0	0	1	0	1	0	0	1	0	0	0	0	1	0	0	0	0	0	0	0	1
Otu772	0	0	1	0	0	0	0	0	0	1	0	1	0	0	0	1	0	0	0	2	0
Otu645	0	0	1	1	0	0	0	0	1	0	0	1	0	0	0	1	0	0	2	0	0
Otu585	0	0	1	1	0	0	0	1	0	0	0	0	1	1	1	3	0	0	0	1	0
Otu870	0	0	1	0	2	0	0	0	0	0	0	0	0	1	0	2	1	0	1	1	0
Otu507	0	0	1	0	1	0	0	0	2	1	0	0	0	2	1	2	2	0	0	1	2
Otu931	0	0	2	0	0	0	0	0	0	0	0	0	0	0	0	0	0	1	0	0	0
Otu542	0	0	1	0	1	0	0	0	1	0	0	1	0	0	2	0	3	0	0	1	0
Otu701	0	0	2	1	3	0	0	0	0	0	0	0	0	1	0	0	0	0	0	1	0
Otu691	0	0	1	0	0	0	0	0	0	1	0	0	0	1	0	0	0	0	1	2	0
Otu857	0	0	1	1	0	1	0	0	0	0	0	0	0	0	6	1	1	1	0	0	1
Otu778	0	0	1	0	0	0	0	1	1	0	0	1	0	0	1	1	1	0	0	1	0
Otu326	0	0	2	0	1	0	1	1	3	1	0	0	1	4	3	9	0	1	0	2	1
Otu952	0	0	1	0	0	1	0	0	2	0	0	0	0	0	0	0	1	0	0	1	2
Otu699	0	0	1	0	0	0	0	1	1	0	0	1	0	0	0	0	2	0	1	0	0
Otu596	0	0	2	2	1	0	0	0	0	0	0	0	0	0	0	0	0	0	0	4	0
Otu882	0	0	1	1	0	0	0	0	0	0	0	0	0	0	0	1	0	0	0	0	0
Otu569	0	0	1	0	0	0	0	0	0	0	0	0	0	1	0	0	3	0	0	2	1
Otu864	0	0	1	1	0	0	0	1	0	0	0	0	0	0	0	0	0	0	0	0	0
Otu916	0	0	1	0	4	0	1	0	0	0	0	0	1	3	0	0	1	0	0	1	0
Otu911	0	0	1	4	2	0	0	0	0	0	0	1	0	0	2	0	0	0	0	0	0
Otu824	0	0	1	0	0	0	0	1	1	0	0	0	0	0	0	0	0	0	0	0	0
Otu762	0	0	1	2	0	0	1	0	0	0	0	0	0	0	0	0	0	0	0	0	0
Otu745	0	0	1	0	0	0	0	0	0	0	0	0	0	0	3	1	1	0	0	0	0
Otu846	0	0	1	1	0	0	0	0	0	0	0	0	0	0	0	0	0	0	0	0	0
Otu927	0	0	1	0	2	1	0	1	0	0	0	0	0	0	0	1	0	0	0	0	0
Otu563	0	0	1	6	0	0	0	0	0	0	0	0	0	0	0	0	0	0	0	0	0
Otu962	0	0	1	0	0	1	0	0	0	1	0	0	0	0	0	0	0	0	0	0	1
Otu638	0	0	1	1	0	0	0	0	0	0	0	0	0	0	4	0	0	0	0	0	0
Otu840	0	0	1	0	0	2	0	0	1	0	0	3	0	0	1	0	2	1	0	0	0
Otu994	0	0	1	0	2	0	0	0	0	0	0	1	1	3	0	0	1	0	0	0	0
Otu662	0	0	1	1	0	1	0	0	0	0	0	3	0	1	0	0	0	0	0	2	0
Otu543	0	0	1	1	1	1	1	1	1	0	1	4	0	0	2	2	2	0	2	0	1
Otu265	0	0	1	0	1	0	0	0	0	2	1	3	0	1	3	5	1	1	1	3	0
Otu977	0	0	1	2	0	0	0	0	0	0	0	0	3	0	1	1	3	0	1	4	1
Otu786	0	0	1	0	0	0	0	0	2	0	0	0	1	1	0	0	2	0	0	0	3
Otu839	0	0	1	0	0	0	0	0	1	0	0	0	1	0	0	0	1	1	1	1	0
Otu871	0	0	1	0	0	0	1	1	0	0	0	0	0	3	1	0	1	0	4	4	1
Otu652	0	0	1	1	0	0	0	1	0	1	0	0	0	0	2	0	0	0	0	0	1
Otu564	0	0	1	0	0	1	0	0	2	1	0	0	0	0	0	0	0	1	0	1	0
Otu987	0	0	1	1	1	0	0	0	1	0	0	0	0	0	0	0	0	0	0	1	0
Otu501	0	0	1	0	1	0	0	0	1	0	0	1	1	0	2	0	0	0	1	1	0
Otu677	0	0	1	0	0	1	1	0	0	0	0	1	0	0	2	3	0	1	0	0	0
Otu676	0	0	0	1	0	2	0	0	0	0	0	0	2	0	6	6	0	0	0	0	0
Otu835	0	0	0	2	2	1	0	0	1	0	0	0	0	0	0	0	2	0	0	0	0
Otu292	0	0	0	28	0	0	0	0	2	0	0	0	0	6	0	9	0	0	0	0	0
Otu913	0	0	0	3	1	0	0	2	0	0	0	0	0	0	0	0	0	0	0	1	0
Otu417	0	0	0	3	6	0	0	0	0	0	0	0	0	0	0	0	0	0	0	0	1
Otu499	0	0	0	1	2	0	1	0	1	1	0	1	1	0	1	1	0	2	1	1	1
Otu405	0	0	0	13	0	0	0	0	0	0	0	0	0	0	0	1	0	0	0	0	0
Otu539	0	0	0	5	0	0	0	0	0	0	0	0	1	0	0	0	0	0	0	0	0
Otu759	0	0	0	1	2	2	0	0	0	1	0	1	0	0	1	0	0	0	1	1	0
Otu548	0	0	0	4	2	3	2	0	2	1	0	4	1	0	0	0	3	0	0	4	1
Otu886	0	0	0	4	1	0	0	1	0	1	0	1	5	0	0	0	0	0	0	0	0
Otu305	0	0	0	17	2	1	2	0	1	0	1	2	0	0	4	2	0	0	0	1	0
Otu837	0	0	0	1	0	0	0	0	1	0	0	1	0	0	1	0	0	0	0	0	0
Otu471	0	0	0	3	10	0	2	0	0	1	0	2	2	3	0	0	2	0	0	2	0
Otu714	0	0	0	1	0	0	0	0	0	2	1	0	1	0	4	4	0	0	0	0	1
Otu491	0	0	0	4	0	3	1	0	1	1	1	1	1	1	4	0	2	1	2	0	1
Otu920	0	0	0	1	2	0	0	0	0	0	0	0	3	4	1	3	1	0	1	1	0
Otu873	0	0	0	2	0	0	1	0	0	0	0	0	0	0	0	0	0	0	0	0	0
Otu817	0	0	0	1	0	0	1	0	0	1	0	5	2	0	0	1	0	0	1	5	1
Otu579	0	0	0	4	4	0	0	0	0	1	1	0	1	2	15	2	1	0	0	0	1
Otu484	0	0	0	1	3	1	0	4	1	0	0	0	1	2	0	0	0	0	1	1	0
Otu891	0	0	0	3	0	0	0	0	0	0	0	0	0	0	2	0	0	0	0	0	0
Otu470	0	0	0	2	0	4	0	1	0	0	0	1	0	0	2	0	1	0	1	3	1
Otu511	0	0	0	5	1	1	2	0	0	1	0	3	0	0	0	2	0	2	0	0	1
Otu955	0	0	0	1	0	0	0	0	1	1	0	0	0	0	0	0	0	0	0	0	1
Otu345	0	0	0	1	0	0	0	0	2	0	0	0	1	1	6	7	0	0	0	0	0
Otu793	0	0	0	1	1	0	1	3	2	0	0	0	0	0	0	0	1	1	2	1	1
Otu827	0	0	0	2	0	3	0	0	0	0	0	0	0	0	3	2	1	1	0	2	1
Otu1001	0	0	0	3	4	0	0	0	0	0	0	0	0	0	0	0	0	0	0	0	0
Otu804	0	0	0	1	0	0	0	0	0	1	4	0	0	0	0	1	0	0	0	0	1
Otu999	0	0	0	4	2	0	0	1	0	0	0	0	1	0	0	0	0	0	0	0	1
Otu877	0	0	0	1	0	0	0	0	1	0	0	0	0	0	0	1	0	0	0	1	1
Otu603	0	0	0	4	1	0	0	0	0	0	1	1	0	0	0	1	0	0	0	1	1
Otu887	0	0	0	1	0	0	0	0	0	0	0	0	0	0	1	0	0	0	3	0	0
Otu881	0	0	0	1	0	0	0	0	1	1	1	0	0	0	1	0	1	0	1	0	0
Otu924	0	0	0	3	0	0	0	0	0	0	0	0	0	0	0	0	0	0	0	0	0
Otu394	0	0	0	2	0	0	0	1	0	0	0	0	1	3	2	0	0	0	0	3	0
Otu549	0	0	0	2	0	0	0	0	1	0	0	0	0	0	2	0	0	0	0	0	0
Otu594	0	0	0	5	0	0	0	0	1	0	0	0	0	0	0	0	0	0	0	0	0
Otu566	0	0	0	1	1	0	0	0	0	0	0	1	0	1	0	1	1	0	0	1	0
Otu739	0	0	0	2	2	0	2	0	0	0	0	0	0	0	0	0	2	0	1	0	0
Otu894	0	0	0	1	0	0	0	0	0	0	0	0	0	0	0	0	0	0	0	1	0
Otu834	0	0	0	1	1	0	0	0	1	0	0	0	0	0	2	0	0	0	0	0	1
Otu903	0	0	0	4	1	1	0	0	0	0	0	0	0	0	0	0	0	0	0	0	0
Otu936	0	0	0	1	0	0	0	0	0	0	1	2	1	0	0	0	0	0	0	0	0
Otu693	0	0	0	2	0	2	0	0	0	0	0	0	0	1	0	0	0	1	0	0	1
Otu395	0	0	0	3	1	0	1	1	1	0	0	0	4	2	0	0	0	0	4	0	0
Otu460	0	0	0	1	1	0	0	0	0	1	0	1	0	0	2	2	0	0	1	0	0
Otu830	0	0	0	3	0	0	0	0	0	0	0	0	0	0	0	0	0	0	0	1	0
Otu726	0	0	0	2	1	0	0	0	2	0	0	0	0	1	0	0	3	2	2	0	0
Otu592	0	0	0	2	1	0	0	0	0	0	0	0	0	0	5	2	0	0	0	0	0
Otu587	0	0	0	2	1	0	0	1	0	0	0	0	0	0	1	1	4	0	0	2	2
Otu515	0	0	0	3	0	0	0	0	0	0	0	0	0	0	1	0	0	0	0	1	0
Otu644	0	0	0	1	0	4	0	0	2	1	0	0	1	0	0	0	0	0	0	0	0
Otu204	0	0	0	2	3	5	0	0	2	2	0	2	1	0	3	3	10	1	0	6	3
Otu917	0	0	0	1	0	2	0	0	1	0	0	0	0	0	0	0	0	0	0	0	0
Otu880	0	0	0	1	0	0	0	0	0	0	0	1	0	0	1	1	0	0	0	0	0
Otu567	0	0	0	1	0	1	1	0	0	0	0	0	0	1	0	1	0	0	0	0	0
Otu780	0	0	0	1	0	0	0	0	1	0	0	1	0	0	1	1	0	0	0	0	0
Otu393	0	0	0	1	0	0	0	3	1	1	0	0	0	0	5	5	1	0	1	2	0
Otu823	0	0	0	1	0	0	0	0	0	1	0	0	0	0	1	0	0	0	1	0	0
Otu400	0	0	0	1	0	0	0	0	1	1	0	2	0	1	0	0	1	0	0	0	1
Otu531	0	0	0	1	1	0	0	0	0	0	0	1	1	0	4	15	0	0	0	0	0
Otu509	0	0	0	1	0	0	0	3	0	0	0	0	0	1	0	1	0	0	0	0	1
Otu282	0	0	0	1	0	1	1	2	0	0	1	14	0	0	1	0	2	1	1	5	1
Otu951	0	0	0	1	0	3	0	0	0	1	1	1	2	0	2	2	0	1	0	0	0
Otu546	0	0	0	1	1	0	0	0	0	1	0	0	0	2	3	2	0	1	0	2	0
Otu547	0	0	0	1	1	1	0	0	0	1	0	0	0	0	1	1	0	0	3	3	1
Otu965	0	0	0	0	1	0	0	0	1	0	1	1	0	1	0	0	1	0	0	1	0
Otu879	0	0	0	0	1	0	0	0	0	0	0	0	2	1	0	0	1	0	0	0	0
Otu998	0	0	0	0	2	0	0	0	0	0	1	0	0	0	0	0	0	0	0	0	0
Otu206	0	0	0	0	2	15	0	6	3	0	0	26	0	0	1	0	3	10	0	0	3
Otu794	0	0	0	0	1	0	0	1	0	1	1	0	0	0	0	0	0	0	0	0	0
Otu414	0	0	0	0	1	0	0	1	0	1	0	1	1	1	2	1	2	0	0	2	1
Otu617	0	0	0	0	1	0	0	0	0	0	0	0	0	0	2	2	0	0	0	0	0
Otu571	0	0	0	0	1	1	0	0	0	2	0	1	1	0	3	3	1	1	2	0	0
Otu736	0	0	0	0	1	0	0	1	0	0	0	0	2	8	0	0	0	0	0	0	0
Otu859	0	0	0	0	2	0	0	0	0	0	0	1	0	0	0	0	0	0	0	3	0
Otu590	0	0	0	0	1	0	0	0	0	0	0	0	0	1	0	0	2	0	1	3	0
Otu314	0	0	0	0	1	1	0	0	2	0	0	0	0	0	1	1	0	0	2	0	2
Otu938	0	0	0	0	1	0	0	0	0	0	0	1	0	0	0	0	0	0	0	4	0
Otu246	0	0	0	0	1	0	0	0	0	0	2	6	0	0	5	1	0	0	0	0	1
Otu606	0	0	0	0	1	0	0	0	0	0	0	1	0	0	0	0	0	1	0	0	0
Otu486	0	0	0	0	1	1	0	0	1	0	0	0	0	1	0	0	0	1	1	0	0
Otu503	0	0	0	0	1	1	1	1	0	0	0	1	1	0	0	0	0	0	0	4	2
Otu806	0	0	0	0	1	0	0	0	1	0	0	1	0	1	0	2	0	0	0	1	0
Otu689	0	0	0	0	1	1	0	0	0	0	0	2	0	0	0	0	0	1	0	1	0
Otu439	0	0	0	0	1	0	0	0	0	2	0	0	0	1	1	1	3	0	2	0	1
Otu985	0	0	0	0	1	0	0	0	0	0	0	0	0	0	0	0	0	0	0	1	0
Otu832	0	0	0	0	1	0	0	1	0	0	0	0	0	0	0	0	0	0	0	0	0
Otu760	0	0	0	0	1	0	1	0	1	1	0	1	0	0	0	0	0	0	0	0	0
Otu973	0	0	0	0	1	0	0	1	0	0	0	2	0	0	0	0	0	0	0	0	0
Otu310	0	0	0	0	1	1	0	1	0	1	0	4	0	1	1	1	2	4	2	4	2
Otu1012	0	0	0	0	1	0	0	0	0	0	0	1	0	0	0	0	0	2	0	0	0
Otu1006	0	0	0	0	0	4	0	0	0	0	0	0	0	0	0	1	1	0	0	0	0
Otu695	0	0	0	0	0	2	0	0	0	0	0	0	0	1	0	0	0	0	0	0	1
Otu401	0	0	0	0	0	1	0	0	0	1	0	6	0	2	1	3	0	2	0	2	0
Otu860	0	0	0	0	0	2	0	0	1	0	0	1	0	3	1	0	0	0	0	0	0
Otu964	0	0	0	0	0	2	0	0	0	0	0	0	3	2	0	0	0	0	0	0	0
Otu675	0	0	0	0	0	1	0	0	0	0	0	0	0	1	1	0	2	0	0	3	0
Otu953	0	0	0	0	0	4	0	0	0	0	0	0	0	0	0	0	1	0	1	0	0
Otu452	0	0	0	0	0	2	0	0	1	0	0	0	1	0	4	0	0	0	0	0	0
Otu625	0	0	0	0	0	1	0	0	1	0	0	0	1	1	3	1	0	0	0	0	0
Otu960	0	0	0	0	0	2	0	0	1	0	0	0	0	0	0	0	0	0	0	1	0
Otu683	0	0	0	0	0	2	0	0	1	0	0	0	0	0	2	3	1	0	0	1	1
Otu516	0	0	0	0	0	1	0	0	0	1	0	0	0	0	10	1	0	0	0	0	0
Otu968	0	0	0	0	0	1	0	0	0	0	1	3	0	0	0	1	0	0	0	0	0
Otu718	0	0	0	0	0	1	0	0	0	0	0	0	0	0	2	0	0	0	0	0	0
Otu679	0	0	0	0	0	1	0	0	0	0	1	1	0	0	0	0	0	0	0	1	0
Otu634	0	0	0	0	0	2	0	1	0	0	0	0	1	3	0	0	0	0	0	1	0
Otu619	0	0	0	0	0	1	0	0	0	0	0	2	1	0	1	3	1	0	0	1	0
Otu705	0	0	0	0	0	1	0	0	0	0	0	0	3	0	0	0	0	0	0	0	0
Otu688	0	0	0	0	0	1	0	0	0	0	0	1	0	0	0	0	0	0	0	1	0
Otu906	0	0	0	0	0	1	0	0	0	0	0	0	0	0	0	0	0	0	1	1	0
Otu788	0	0	0	0	0	2	0	0	0	0	0	0	0	0	0	0	0	0	0	0	0
Otu984	0	0	0	0	0	1	1	0	0	0	0	0	0	0	1	0	0	0	0	0	1
Otu580	0	0	0	0	0	1	1	0	1	0	0	0	0	0	1	5	0	0	0	1	0
Otu276	0	0	0	0	0	1	6	9	0	1	0	1	0	0	3	1	0	0	0	0	0
Otu939	0	0	0	0	0	1	0	0	0	0	1	0	0	0	2	0	0	0	0	1	0
Otu654	0	0	0	0	0	1	1	0	1	0	0	0	0	0	0	0	1	1	0	0	0
Otu570	0	0	0	0	0	1	0	0	1	0	0	0	0	5	0	0	0	0	0	1	0
Otu599	0	0	0	0	0	1	0	0	0	0	0	1	2	1	6	1	0	0	0	0	1
Otu406	0	0	0	0	0	1	0	0	1	0	2	0	1	0	1	1	0	1	0	0	1
Otu816	0	0	0	0	0	0	1	0	0	0	0	0	0	0	0	1	0	0	0	0	1
Otu798	0	0	0	0	0	0	1	1	0	0	0	1	0	1	0	0	0	1	0	0	0
Otu656	0	0	0	0	0	0	2	3	0	0	0	0	0	1	0	0	1	1	0	4	0
Otu983	0	0	0	0	0	0	1	0	1	0	0	0	0	0	0	0	0	0	0	1	0
Otu982	0	0	0	0	0	0	1	0	0	0	0	0	0	0	0	0	0	0	0	2	0
Otu979	0	0	0	0	0	0	1	0	0	0	0	0	0	0	0	0	0	0	1	0	1
Otu682	0	0	0	0	0	0	1	0	0	1	0	0	0	0	0	0	0	0	0	0	0
Otu653	0	0	0	0	0	0	1	0	0	0	0	1	0	1	0	0	0	0	0	0	0
Otu703	0	0	0	0	0	0	0	2	0	0	0	2	0	0	0	0	3	1	0	3	0
Otu734	0	0	0	0	0	0	0	2	0	1	0	0	0	0	0	0	0	0	0	1	0
Otu380	0	0	0	0	0	0	0	1	4	0	0	1	4	2	0	0	2	1	1	1	0
Otu757	0	0	0	0	0	0	0	1	0	0	0	0	0	0	0	0	2	0	0	1	0
Otu628	0	0	0	0	0	0	0	2	0	0	0	0	0	0	0	0	0	0	0	0	0
Otu139	0	0	0	0	0	0	0	1	0	1	1	7	0	0	47	15	1	0	0	0	2
Otu666	0	0	0	0	0	0	0	1	0	0	0	0	0	0	0	0	2	0	0	2	1
Otu966	0	0	0	0	0	0	0	1	1	2	0	0	0	0	2	1	1	0	0	1	0
Otu681	0	0	0	0	0	0	0	2	0	1	0	0	0	0	0	0	0	0	0	0	0
Otu697	0	0	0	0	0	0	0	2	0	2	0	0	0	0	0	0	0	1	0	0	0
Otu657	0	0	0	0	0	0	0	1	0	0	0	0	0	0	0	0	0	0	0	1	0
Otu621	0	0	0	0	0	0	0	1	1	0	0	0	1	0	0	0	0	0	0	0	0
Otu869	0	0	0	0	0	0	0	1	0	0	0	0	0	1	0	1	0	0	0	0	1
Otu473	0	0	0	0	0	0	0	1	0	0	1	1	0	0	0	0	2	1	0	0	0
Otu623	0	0	0	0	0	0	0	1	0	0	0	10	0	1	0	0	3	3	1	2	0
Otu813	0	0	0	0	0	0	0	1	0	1	0	0	0	0	0	0	0	0	0	1	0
Otu411	0	0	0	0	0	0	0	1	0	0	0	0	2	1	1	1	2	0	0	1	1
Otu742	0	0	0	0	0	0	0	1	2	0	0	0	0	0	0	0	0	0	0	0	0
Otu753	0	0	0	0	0	0	0	1	0	0	0	0	2	0	0	1	1	0	3	0	1
Otu338	0	0	0	0	0	0	0	1	0	0	0	0	4	2	2	5	0	0	0	0	0
Otu797	0	0	0	0	0	0	0	1	0	0	0	2	0	0	1	1	3	0	0	0	2
Otu719	0	0	0	0	0	0	0	1	0	2	0	0	1	0	1	1	0	0	0	0	1
Otu624	0	0	0	0	0	0	0	2	0	0	0	0	0	0	0	0	0	0	0	0	0
Otu785	0	0	0	0	0	0	0	1	0	0	0	0	0	1	0	0	0	0	0	2	0
Otu565	0	0	0	0	0	0	0	0	4	0	0	0	0	0	0	0	0	0	0	0	0
Otu752	0	0	0	0	0	0	0	0	1	0	0	1	0	1	0	0	0	0	0	1	0
Otu554	0	0	0	0	0	0	0	0	1	0	0	0	0	1	1	1	1	1	0	0	0
Otu763	0	0	0	0	0	0	0	0	4	0	0	0	0	0	0	0	0	0	0	0	0
Otu775	0	0	0	0	0	0	0	0	1	0	0	0	0	0	0	0	1	0	1	0	0
Otu989	0	0	0	0	0	0	0	0	2	1	0	0	0	1	1	1	0	0	0	0	0
Otu630	0	0	0	0	0	0	0	0	3	1	0	0	0	1	3	0	0	0	0	0	0
Otu727	0	0	0	0	0	0	0	0	2	0	0	0	0	0	4	0	0	0	0	0	0
Otu732	0	0	0	0	0	0	0	0	2	0	0	0	0	0	0	0	0	0	0	0	0
Otu478	0	0	0	0	0	0	0	0	3	0	0	0	0	0	0	0	0	0	0	0	0
Otu633	0	0	0	0	0	0	0	0	1	0	0	0	0	0	0	0	0	0	0	1	0
Otu800	0	0	0	0	0	0	0	0	1	1	0	0	0	0	2	0	0	0	0	0	0
Otu363	0	0	0	0	0	0	0	0	1	0	0	0	0	0	16	0	0	0	0	0	0
Otu641	0	0	0	0	0	0	0	0	3	0	0	0	1	0	0	0	0	0	0	0	0
Otu940	0	0	0	0	0	0	0	0	1	0	0	0	0	0	2	0	0	0	1	2	0
Otu120	0	0	0	0	0	0	0	0	1	2	2	1	1	6	61	48	6	0	0	0	10
Otu663	0	0	0	0	0	0	0	0	1	0	0	0	1	0	1	0	1	0	0	1	0
Otu805	0	0	0	0	0	0	0	0	1	0	0	0	0	0	0	1	2	0	0	1	0
Otu811	0	0	0	0	0	0	0	0	1	0	0	0	3	1	0	0	1	0	0	0	0
Otu387	0	0	0	0	0	0	0	0	0	1	0	0	0	0	2	6	0	0	0	0	0
Otu874	0	0	0	0	0	0	0	0	0	2	0	0	1	0	0	1	3	1	1	0	0
Otu814	0	0	0	0	0	0	0	0	0	4	0	1	0	1	0	0	1	0	0	2	0
Otu941	0	0	0	0	0	0	0	0	0	1	0	0	0	0	0	0	0	0	1	0	1
Otu576	0	0	0	0	0	0	0	0	0	2	0	1	1	0	1	3	0	0	0	1	0
Otu716	0	0	0	0	0	0	0	0	0	1	0	1	0	0	0	0	0	1	0	0	0
Otu997	0	0	0	0	0	0	0	0	0	1	0	0	1	0	1	0	0	0	0	2	1
Otu948	0	0	0	0	0	0	0	0	0	1	0	0	0	0	0	2	0	0	0	0	0
Otu792	0	0	0	0	0	0	0	0	0	0	3	1	0	0	0	0	0	0	0	1	0
Otu895	0	0	0	0	0	0	0	0	0	0	2	0	0	0	1	0	0	0	1	0	0
Otu631	0	0	0	0	0	0	0	0	0	0	1	0	0	0	0	0	1	0	0	0	1
Otu747	0	0	0	0	0	0	0	0	0	0	1	0	0	0	1	0	1	0	0	0	0
Otu650	0	0	0	0	0	0	0	0	0	0	1	0	1	0	12	0	0	0	0	0	0
Otu428	0	0	0	0	0	0	0	0	0	0	1	2	1	4	29	22	2	0	0	0	1
Otu818	0	0	0	0	0	0	0	0	0	0	0	2	0	0	0	0	0	0	0	1	0
Otu770	0	0	0	0	0	0	0	0	0	0	0	1	0	0	1	2	0	0	1	1	0
Otu833	0	0	0	0	0	0	0	0	0	0	0	2	0	0	1	4	0	0	3	2	0
Otu996	0	0	0	0	0	0	0	0	0	0	0	2	0	0	0	0	0	0	0	0	0
Otu659	0	0	0	0	0	0	0	0	0	0	0	1	0	1	3	3	0	0	0	0	0
Otu784	0	0	0	0	0	0	0	0	0	0	0	1	0	1	1	0	0	0	0	3	0
Otu112	0	0	0	0	0	0	0	0	0	0	0	5	1	0	62	37	3	0	0	0	2
Otu578	0	0	0	0	0	0	0	0	0	0	0	2	0	0	2	0	0	0	0	3	1
Otu639	0	0	0	0	0	0	0	0	0	0	0	1	0	0	12	6	0	0	0	0	0
Otu764	0	0	0	0	0	0	0	0	0	0	0	1	0	0	2	2	0	0	0	0	0
Otu242	0	0	0	0	0	0	0	0	0	0	0	0	6	22	5	11	0	0	0	0	0
Otu815	0	0	0	0	0	0	0	0	0	0	0	0	1	10	2	5	0	0	0	2	0
Otu915	0	0	0	0	0	0	0	0	0	0	0	0	1	9	0	1	0	0	0	0	0
Otu946	0	0	0	0	0	0	0	0	0	0	0	0	2	0	1	0	0	0	0	0	0
Otu754	0	0	0	0	0	0	0	0	0	0	0	0	0	0	3	1	1	0	0	0	0
Otu743	0	0	0	0	0	0	0	0	0	0	0	0	0	0	2	2	0	0	0	0	0
Otu618	0	0	0	0	0	0	0	0	0	0	0	0	0	0	3	2	0	0	0	0	0
Otu801	0	0	0	0	0	0	0	0	0	0	0	0	0	0	3	2	2	1	0	1	0
Otu713	0	0	0	0	0	0	0	0	0	0	0	0	0	0	5	0	0	0	0	0	0
Otu988	0	0	0	0	0	0	0	0	0	0	0	0	0	0	2	0	1	0	0	0	0
Otu971	0	0	0	0	0	0	0	0	0	0	0	0	0	0	2	1	1	0	0	0	0
Otu698	0	0	0	0	0	0	0	0	0	0	0	0	0	0	1	2	0	0	0	0	0
Otu664	0	0	0	0	0	0	0	0	0	0	0	0	0	0	2	0	0	0	0	0	0
Otu799	0	0	0	0	0	0	0	0	0	0	0	0	0	0	1	1	0	0	0	0	0
Otu620	0	0	0	0	0	0	0	0	0	0	0	0	0	0	0	2	0	0	0	0	0
Otu1009	0	0	0	0	0	0	0	0	0	0	0	0	0	0	0	2	0	0	0	0	0
Otu725	0	0	0	0	0	0	0	0	0	0	0	0	0	0	0	2	0	0	0	0	0
Otu751	0	0	0	0	0	0	0	0	0	0	0	0	0	0	0	2	0	0	0	0	0
Otu844	0	0	0	0	0	0	0	0	0	0	0	0	0	0	0	0	4	0	0	0	0
Otu517	0	0	0	0	0	0	0	0	0	0	0	0	0	0	0	0	4	0	1	2	0
Otu850	0	0	0	0	0	0	0	0	0	0	0	0	0	0	0	0	2	0	0	0	0
Otu836	0	0	0	0	0	0	0	0	0	0	0	0	0	0	0	0	1	0	1	0	0
Otu990	0	0	0	0	0	0	0	0	0	0	0	0	0	0	0	0	1	0	1	1	1
Otu627	0	0	0	0	0	0	0	0	0	0	0	0	0	0	0	0	0	1	1	1	0
Otu838	0	0	0	0	0	0	0	0	0	0	0	0	0	0	0	0	0	0	2	1	0
Otu974	0	0	0	0	0	0	0	0	0	0	0	0	0	0	0	0	0	0	2	0	0
Otu756	0	0	0	0	0	0	0	0	0	0	0	0	0	0	0	0	0	0	0	2	0
